filename 	h264_qsv_medium	h264_qsv_veryfast	hevc_qsv_hw_medium	hevc_qsv_hw_faster	hevc_qsv_hw_veryfast	hevc_qsv_sw_medium	hevc_qsv_sw_veryfast	qy265_medium	qy265_fast	qy265_veryfast	x264_medium	x265_medium	x265_veryfast
316712195_old.mp4	24.1254300073	22.553051649	103.376999509	52.7337101627	51.0673986056	168.320237302	70.2343600634	34.8996617776	26.4454900004	5.64606403356	47.0971380663	180.253996821	107.494505638
370108669_old.mp4	12.4491459313	13.4852401737	79.1996085868	44.6660801804	41.9455490604	142.647697839	62.6669246727	25.650973114	19.7168739613	0.565759276023	45.6301471253	177.146800422	106.087751076
522270587_old.mp4	14.1208738929	16.7118272172	133.20608862	60.3927163675	57.4950457501	230.331017797	90.9802279187	64.2123656085	46.2133004274	3.75137379916	60.1175377928	217.997710412	124.974152464
469042201_old.mp4	17.4097215336	15.868244203	122.355053363	54.9675476871	51.9222711346	215.260537433	79.6780140638	44.2494811556	32.4736295283	8.37109935572	45.4194111994	147.872131654	83.4594144805
408527830_old.mp4	14.5916596384	13.6366994951	104.137524037	47.7815409551	45.1429905101	167.931717092	66.6150909947	31.1184293535	21.2637370405	0.0423722329445	45.1695145605	197.579810896	119.487996191
523739759_old.mp4	32.0795238706	31.3530655279	110.713298781	61.6041323069	58.9272204754	167.931472603	75.7180748289	41.2319009614	29.986322471	8.21842245621	46.0778189498	155.868635059	78.372603068
561206317_old.mp4	16.2063011982	14.9284000049	86.2092683204	39.3855514312	36.4474057222	137.051457712	51.442288953	26.4648300324	18.6474999255	3.61503339552	38.6721471546	134.344782433	76.9792527931
626696816_old.mp4	23.7040113399	19.6930176197	130.009044138	65.1439964628	64.0170335168	240.205263566	97.7964448953	55.0059227402	40.0605808865	6.35888366175	69.4311588389	249.399951655	142.4891693
629744388_old.mp4	26.5353279723	22.7013220659	124.052268584	57.7714413163	52.7386293086	182.606959356	72.2291765008	39.366720997	26.8172607591	3.33885580824	46.3349305916	138.019970463	71.0185235683
VID_20160804_164352.mp4	18.0272088929	15.3168312641	149.519525454	64.7772771664	58.9417636945	285.946971197	90.147778945	46.8471885103	30.8515096295	-3.70678111131	65.5923360314	261.132194017	154.192430279
399353335_old.mp4	15.1694175802	14.9823033201	87.2284543421	43.5251476929	41.1154496796	164.282245776	63.6851856203	27.6465274621	19.7029058701	-1.6596090258	49.3281486632	183.215451663	111.652616595
431516578_old.mp4	17.7802042742	16.8542773221	88.2953717267	47.815020663	46.3781767946	145.492352717	64.6451221004	21.0322065278	15.8797112406	-1.23983799751	50.8829921147	192.067637429	112.142072278
328903993_old.mp4	17.5738766863	17.4891962715	119.035518974	54.8200149165	51.1280646194	234.139554089	77.372605128	37.2505539073	25.0100457149	-1.60215595249	63.57608227	253.815505661	146.481995193
371894311_old.mp4	18.5174001465	16.4728236559	78.5359668985	47.3216283949	46.0874335825	131.663724628	63.3569154805	23.7835111735	17.7409187134	0.433256227041	48.108643124	152.729207464	84.4287852144
405560776_old.mp4	17.3218670901	16.591317989	110.465417324	51.2098788816	48.9765480406	194.743575688	74.5818129989	38.0538384458	29.9808132227	6.36736583781	43.403298902	154.19757947	91.0996297433
477647862_old.mp4	20.9984665732	18.926949921	140.320101121	62.3794125367	58.1644716085	243.026538938	92.0778771201	47.8454893838	31.9987110302	0.238167744057	72.4202689574	288.362359839	175.40418058
526653214_old.mp4	24.1916945648	24.0156932606	96.1726689586	55.7166839813	52.9572963703	172.184652864	71.414068371	36.5005871361	27.946494194	7.49576283054	42.057146318	147.111626967	72.4052206655
529499431_old.mp4	19.9489824817	18.6586955836	94.7194475202	51.1350841688	48.4335155201	144.704125203	67.8130753642	30.9138855837	21.9480034624	4.93435127258	40.2243419958	139.305884711	71.8217004232
580508812_old.mp4	24.7327961527	22.167141802	95.1955717815	54.1725818763	52.2305959873	147.961901206	66.9905049898	32.7148803668	22.9680084616	5.0197490924	36.6549090879	114.118542897	49.4919754
518804294_old.mp4	20.8519005748	20.921436484	118.936319683	56.7135222486	54.6622641991	191.887181885	75.9400502577	45.6321401253	33.1508417151	6.75317259599	53.3979391225	176.583886933	95.8451770466
573347832_old.mp4	25.554523837	24.2499413599	110.293078465	56.3051120994	54.0517168472	171.589990191	71.1085219883	40.8749360313	26.8844376171	5.74664250297	43.7329229663	125.261462164	67.2171549992
619481491_old.mp4	20.9789584698	19.2644067766	102.883501882	51.5263721235	49.0817609712	161.862177091	66.8660156091	35.3615500905	27.8073008093	6.11915388959	43.1634272146	128.886680861	65.2010988576
462706464_old.mp4	16.6373190714	14.0181371738	83.7045732073	48.4164597386	46.1614806504	144.023492088	65.6507232042	32.3142702402	21.764356171	3.62855449781	47.0693989808	138.2984879	70.8582180918
408241470_old.mp4	19.6121942911	16.625266959	93.1255445569	49.1718332854	45.9341488893	137.805638556	64.6102998333	21.0581211754	15.2769014991	-0.679315767508	45.3786069905	158.994043719	93.1684785958
544564132_old.mp4	18.1379848472	15.8229892951	89.3372559848	47.2043370099	45.8941338704	148.547291181	66.6532625558	37.3922901741	25.4567287508	1.89427817327	37.0685114624	136.696404115	76.2840359685
631858082_old.mp4	13.8448856996	13.242811091	96.6282099169	47.2207571013	44.2466695494	167.527592691	66.4490601838	31.5676618201	20.802069354	-2.8277540203	48.3508453897	200.944545557	124.345196304
559599141_old.mp4	26.4534220251	26.1363052936	148.953636815	71.0595863086	68.9260204132	269.962614264	100.413581895	55.7107679569	42.0335635625	6.14007943152	70.5173633252	256.753946224	147.050514222
402134623_old.mp4	22.3437897005	20.6954264882	97.382572564	46.7391851966	43.9764609665	151.959840266	60.6521128783	23.1628062544	16.9595158812	-0.410736713154	44.0963812236	156.614881243	89.4396058847
552802455_old.mp4	25.068950564	23.7710216104	115.453241777	56.9582843347	54.7090090144	164.270338656	73.4856411635	35.0492476024	25.3153889879	6.33716179304	37.9004508236	123.375065282	54.6288306921
548571447_old.mp4	35.1787218465	35.9703084309	128.997080421	67.9698139821	65.9648375582	202.900423556	89.3891621813	51.3112812734	38.4008158488	8.69573463787	56.0915879651	192.277318939	107.209005791
409279508_old.mp4	20.7793335266	18.8889744105	116.014336427	53.8270339041	50.4576403832	181.185336587	72.0149798605	28.4733246276	20.1817900049	1.43556945276	51.2211208046	180.019200699	109.30900532
368705245_old.mp4	24.6708165924	20.1043957338	119.233758387	56.5928328441	55.6500900623	198.929902251	74.934785392	37.5801396961	27.339738361	4.79014284354	46.2254365762	158.871016316	92.761931177
495723627_old.mp4	21.0021369157	20.5618895597	146.676727422	66.8978221561	63.7580871782	233.229495877	82.0959610958	54.5767519506	37.0361228484	8.97608789411	66.7305844537	196.937832328	95.198922988
391269500_old.mp4	20.6256523995	20.7430167016	91.0398769252	50.7367102905	49.3820515356	165.907416238	70.3747974849	32.7727662784	25.3514541028	2.96314761731	49.5864384721	223.729254981	130.842969381
371449484_old.mp4	21.0199251716	19.4787256508	121.824456032	61.9901623197	57.0892483693	209.323882705	87.6021321637	49.1159144197	35.0011493705	10.5794819834	44.4666998637	139.247815183	78.8807441301
465872783_old.mp4	38.2567957959	40.662290636	143.804679806	76.0262345165	72.6590765726	238.601428233	101.014776087	51.8418462362	38.3981020533	7.35300622199	58.3514389276	198.823424158	114.408617362
417627194_old.mp4	54.4180768415	49.9097068553	133.030861142	90.7702593673	88.0864159128	237.44003565	104.899491271	51.9663223935	39.7404196444	6.33898077157	66.4082145646	294.854930435	158.569294573
501689627_old.mp4	47.1017306202	49.9456376405	114.777933483	70.9409523468	71.9133868356	184.860750227	86.5620701433	30.9032205283	23.4557101192	3.9639509138	50.8536549808	175.835959964	92.3281117466
328646216_old.mp4	42.3901278523	42.4877406986	158.035071815	89.9558744541	84.1441482754	247.14203096	92.5168786943	70.7205382161	49.9626439042	11.919461508	76.0671043269	235.829116644	123.705618363
518806681_old.mp4	20.6867668562	17.8453710909	106.088036734	51.4409849997	49.0547150609	162.518567947	68.3110160712	37.4526668049	27.2122777495	6.98105730642	40.1378912653	131.406358863	69.6616802737
630217362_old.mp4	31.0597528543	27.5062964834	119.539689395	58.9204081921	58.5730713841	186.505697601	74.6136283078	36.5262895847	25.812381581	3.59483498983	37.6428076354	136.909527563	65.1021933514
412677059_old.mp4	17.9856909709	16.742933759	90.1326627247	49.8071595593	47.3388545646	158.373632874	69.5396277152	31.3412841031	22.0511355895	4.39589561032	48.4185958821	154.183175993	87.1473723015
639885982_old.mp4	28.1989165059	28.1648564351	126.265980875	59.5435108242	58.0210479914	218.98006153	75.9980464511	36.6948952799	26.4536823751	6.43469524592	43.739647252	149.941795763	77.0370863614
574532803_old.mp4	28.5007272133	25.5733782465	98.1585985762	54.2193856809	52.7602895942	145.331667913	67.5949694155	25.0280131434	16.9450104062	2.61963852058	48.2551559527	144.396472695	74.5108545125
524913770_old.mp4	29.3696817864	33.1050883479	152.27364925	69.9932255917	67.1960841619	238.315439993	96.6977867943	44.5808251669	31.7052558111	3.66160486604	71.6360023086	253.598131841	144.033549176
407290400_old.mp4	18.499077563	15.2161641919	98.2677009844	51.0064945261	48.3477468462	153.910892376	67.9487629325	25.1458931953	18.6525421684	1.34069212389	46.1890613698	162.708737512	93.6070003652
348404815_old.mp4	20.9710690601	17.7383653156	98.176556239	53.3379381609	50.2327970865	161.237147075	69.9343800735	38.7512194	29.5061941245	7.80469902528	44.5432395674	139.171499601	70.9591578137
VID_20160720_134151.mp4	22.126003545	20.7457298347	105.278931255	53.8444248882	48.1169636326	186.652643329	71.4218523776	34.4822611823	26.7617542952	3.58759724964	46.8635235454	186.391987497	113.991079264
626707122_old.mp4	23.8312867327	21.9217909367	126.134199617	63.4031796362	59.7741661251	229.718203296	89.4718483432	48.9364763336	35.7874774883	3.16251885961	69.1401470844	253.976375068	147.104504294
559829338_old.mp4	22.3517999968	20.8158166612	104.406228519	52.4614449702	50.6633975749	162.208212592	68.624418334	36.6605400871	27.0118863466	5.92777974827	38.2816484894	142.36940166	74.2608089183
543500140_old.mp4	17.2524173922	17.0930238934	91.7374971657	47.7132738289	46.7724253239	144.371669886	63.1640977937	37.3541929089	26.390013507	4.31453183709	37.7186398632	122.891554899	58.2017713177
590546720_old.mp4	34.5086355007	29.6022781306	122.983098779	62.2097214876	60.8190910809	179.730776967	74.4607943164	29.126870082	17.7613598645	-0.564136116709	54.9971172987	158.955336652	81.1621150547
545583764_old.mp4	36.5056702973	32.6447947284	126.91535195	69.7085308925	66.0337262943	206.630159074	91.9556548291	55.7821047356	41.1333870823	8.72641710188	58.7208811488	198.475358573	110.176366634
582044238_old.mp4	18.4208142255	17.2096599276	112.497446932	52.5309801964	50.4713723716	205.10503062	76.9329758422	40.8137334504	27.9635172642	1.65854921132	52.5021937315	205.576686168	115.868571348
469051965_old.mp4	40.5290483066	39.8846162615	153.362401391	75.7355627591	71.3984353884	251.057214173	96.3763432189	49.1325218849	36.7521903681	10.0654066681	55.6866606381	211.812537338	117.57805702
VID_20160708_095324.mp4	28.1975184177	25.144976701	108.914901002	56.1138953334	54.6931824993	171.661514078	72.7979727021	37.5368302456	27.3301452623	7.02619201029	44.8667949381	154.659054409	81.0862929728
589885915_old.mp4	20.4980544956	19.1175703154	112.217060612	54.7773127747	52.2589608809	205.405404231	82.4611664315	29.3506409229	23.3823053205	-0.102403869574	54.2421791812	206.120075535	125.401550328
535539246_old.mp4	24.3292071401	24.2169098751	108.043383123	53.167912967	52.0625745614	153.176079336	67.9335761608	28.0357046562	20.6462863393	4.10206636038	39.3226242711	121.518131451	55.2788852661
495335220_old.mp4	11.3928329345	9.4904065207	99.067867138	48.7775837462	46.7181691819	184.550617294	75.8240081969	37.720210855	26.8524169575	-1.76096367641	42.3928245625	174.457627263	99.6928833919
588542893_old.mp4	20.6342482591	18.2048479753	117.050055902	57.2871950519	54.7547047455	189.288115437	78.2655777406	45.1659614006	32.5939207842	5.53214066671	44.3146977189	158.158040418	84.2895180369
344216044_old.mp4	17.6683312731	16.429863816	94.276114183	50.1611962049	47.2981406936	168.459632616	69.2306188064	27.3140829609	20.0114229517	2.40121765134	47.3190981078	176.220254266	97.9101864688
573903512_old.mp4	25.7623140562	24.266897157	110.071444933	54.750333434	54.5358594073	169.381714998	69.0382498962	38.9833017236	27.5768794336	6.79376477602	41.274916847	125.049758631	59.3920588317
628516967_old.mp4	21.9781561248	19.7026479967	99.2389114935	52.3997662876	51.6852310956	163.024536591	71.5936809839	37.0791517325	26.6103153585	6.41601683013	40.8359882873	154.848069947	82.5489698537
570220808_old.mp4	27.5937196275	24.670057425	125.992031635	55.8961203038	54.4436894138	186.425526427	71.8589335668	35.4621690385	25.8086798862	6.81849919268	43.7143084588	145.55496399	72.4533621065
552841398_old.mp4	14.9935457536	13.8857460486	82.4412549899	42.4367597325	41.4100834551	132.512645171	59.6963832526	24.9069479679	16.8119475879	-0.23306056999	48.2144075994	146.827335857	78.7491454893
425420496_old.mp4	25.8714471489	25.5581428413	110.013091794	56.451296087	52.6762041283	163.809062636	66.7761555189	35.8213459198	26.1784273881	8.31030756174	40.5008723403	126.758282701	59.7998626771
555252407_old.mp4	45.0921219186	45.9592086627	118.750925742	81.1978257888	76.2264859832	152.44756155	75.4552233297	26.360087463	19.746736969	2.44557639435	29.1947350444	111.814837215	53.2480290517
418496749_old.mp4	29.7281300707	30.9511178021	161.404080967	73.6396589421	69.4071747004	267.602590415	101.886554977	59.6424474051	44.3391284726	10.4287064112	71.8461617141	248.01352297	143.101987516
543499635_old.mp4	14.6086536749	13.6317964798	93.0346086305	46.7090605205	44.9005356367	157.490156203	65.4121200157	41.4448639498	28.5926389023	5.16798940466	40.9093361745	145.476787833	79.3623522129
469053867_old.mp4	34.5984387551	31.6055174604	126.278562683	65.4190364208	63.3722092317	214.286483205	86.9925434016	48.5586000615	36.2289746714	6.89012017588	60.1407444722	230.26333402	132.351062907
VID_20160715_194255.mp4	17.2187444677	14.1505948674	105.255840836	53.9117684849	50.1748261087	201.760374137	74.439121238	34.4742091362	27.0006224265	1.25731549148	51.8345826179	203.870419092	119.123848008
547133225_old.mp4	41.234494649	33.0148831748	148.205910423	76.5160144384	71.1469691391	259.10036875	100.83877328	67.2610708326	49.8895017243	10.3294622957	74.8287174045	259.26157412	150.060680444
505770157_old.mp4	19.6100664287	16.7391209965	108.635065268	54.0503472937	52.4379806424	187.756301604	76.7066435377	36.9779820098	28.0463538312	5.01391260041	47.3583282074	161.209590589	87.3666972114
529661103_old.mp4	49.0001902107	48.4200914017	133.650284836	91.3321338016	89.7989784789	233.133475117	110.266313239	58.8097495397	42.8316106117	6.24278861911	66.7370915508	255.864503821	127.641507824
564336933_old.mp4	58.9717279482	53.1594122639	189.275056497	106.135173398	98.3326187948	299.99226591	120.492004875	72.6371812268	54.0023340348	14.7953197216	78.782396145	230.741358223	114.079061202
563587085_old.mp4	22.9340142464	20.9572043383	82.5104044122	48.2694814281	45.3166277392	146.236084656	63.6473570258	21.7008429735	17.8458805546	0.37094346813	41.8270221362	172.812453658	97.1683241433
359124590_old.mp4	15.6082128909	14.764328631	92.0940331986	48.0676348909	46.0036761123	165.38255721	72.2770860729	25.0552931673	17.0638479856	-2.50414161221	56.2020919032	186.505940735	113.738434044
VID_20160722_142835.mp4	23.9295543027	21.682044282	96.0874534836	54.1492385592	51.9438519179	148.834010043	71.0940594818	38.0774461994	27.7471070755	8.08382416258	44.1639542484	140.770522683	68.2869500739
403508241_old.mp4	17.2532821913	17.2212629891	95.0328728195	48.5467116608	45.2435026071	161.115956817	65.9941139677	29.2897621629	20.925476992	1.20717240978	47.6766331815	163.449676025	90.0557504912
380455893_old.mp4	15.3776360842	12.6465018875	101.477266205	42.8221107816	38.5240514489	158.854100681	54.4062252159	39.7623805661	27.6260088637	4.61611437705	55.1634953105	188.524693669	89.108063109
553482986_old.mp4	29.9580824256	27.2226926802	136.386404464	64.9357876601	61.3706367203	242.870974473	89.2590507483	48.0589325287	34.5583822938	5.25724019562	56.0225683861	220.222402572	125.709918749
407244002_old.mp4	19.9401896093	18.1533778253	121.135443864	52.2008013638	50.32042096	183.251852875	69.2279680868	26.8553356311	20.0633886594	2.02371043975	44.5696998841	154.220688233	88.1285623698
601955001_old.mp4	15.711956643	15.6140689536	84.6482217997	43.9255821212	42.7346553377	135.968313104	61.8348141412	28.9279025167	22.2100016507	4.53758565941	32.5967594547	113.353138099	61.1494841551
506145092_old.mp4	22.0855373273	21.1680282403	129.694890123	63.7287820177	60.8110659639	211.956284935	86.5954643914	51.1328135198	34.4869815286	5.89827271244	58.2003958104	221.954719766	120.450499246
570133587_old.mp4	25.9977243052	23.3504103582	116.311483655	58.2259236435	56.480448073	171.323499668	72.5288761091	35.9339922795	25.4501301592	7.37241978385	41.9339614326	126.432211088	62.4860463135
436258524_old.mp4	38.0692116712	39.7458874185	102.253538472	58.1103757282	56.7244952136	178.313564502	72.8872953673	30.7701293364	23.8799711026	6.57646631584	35.398691156	157.785724033	83.5575151816
555410317_old.mp4	23.7882469607	22.8455179344	75.820956192	44.988077298	41.0489283989	140.26177872	60.4166396032	31.2521820013	26.8487289713	4.85242449094	39.1053641382	168.44723453	102.14406581
557155111_old.mp4	22.9181934882	21.6172798325	111.270055208	55.9168464434	54.1415156792	162.031845158	72.5843363767	32.8097585631	23.6201835365	3.86211112524	38.9357340181	125.118931854	54.7995968087
408248252_old.mp4	19.6420053778	14.2691489543	92.6314433427	48.6702580234	44.8528067829	146.132726314	66.74549486	26.0908049338	17.7976017554	-0.506141142587	50.0768115298	167.271161368	97.802360816
392130307_old.mp4	14.4188606175	14.0134998951	86.6524871331	45.4821528597	42.3352370609	157.718872515	66.6793646267	23.8316951978	18.5771715854	-3.18310643526	45.457008027	188.373785892	116.305810399
583934377_old.mp4	17.5232212796	17.9175129961	102.197030377	54.6573486601	51.8643386618	169.447905349	75.1638527322	32.8588025489	24.8595640041	4.23673899527	49.0158998204	156.269297582	84.8075366722
634215543_old.mp4	19.074557596	18.3573989534	112.625061522	57.0555183061	54.1904814205	187.970380759	80.8983234198	43.6107383782	30.0480581271	3.48343293041	42.2815959196	144.767259416	82.1288742595
550395035_old.mp4	13.0646482682	11.0427863395	90.2805809888	45.3376300964	43.9800196411	161.604384059	67.3451039135	30.488141121	23.6219909555	1.77167878602	46.5056942275	165.507489488	97.1716965037
526769494_old.mp4	37.3609299099	32.9778719261	183.407580135	85.6955422309	81.3685888941	309.663207706	104.772684552	66.2754661832	45.367015954	7.52100413265	86.7282013698	261.433382437	133.973805156
633164147_old.mp4	24.715892279	24.7644560819	97.6083619385	51.7016389959	50.7943944497	151.86143552	69.7595102916	30.3816935813	22.2228015086	4.82538143765	42.1411491367	137.576011242	68.0294334831
543158963_old.mp4	14.004897874	12.9976452263	90.5576011541	46.0145905301	43.8002237565	159.244742225	67.7042027334	40.7029441932	29.5852388564	6.05525792291	39.870637971	145.495206127	85.4632899354
633504840_old.mp4	24.7568804267	23.6791845525	93.072087717	53.5235864965	51.5152711659	147.41856939	70.1728347109	34.0662125701	25.1172213841	7.30315467031	46.6903763361	137.305847398	62.4702287596
425421220_old.mp4	26.4054487793	22.015680045	107.293480194	55.2048399683	52.3848717597	159.656326939	67.7104381686	32.6023093274	25.6003649915	8.20953212197	41.842253145	128.840024992	60.6774196938
406050626_old.mp4	20.7827692329	12.5763788128	107.235453246	57.076544541	55.4056427169	189.067634341	72.204328654	38.4011022976	25.269426644	0.616610843351	65.5221044912	223.167132579	126.186394354
553070632_old.mp4	16.3431627621	12.7974884692	129.591591565	61.550156391	54.4929786126	248.917573807	81.0770773736	50.5412922087	34.1600489835	2.51854571154	67.0885038089	243.900416932	140.010980562
516769805_old.mp4	24.3746966286	23.0163350174	118.436546803	57.1662738979	53.8633225318	183.751900135	73.3396827756	45.3302652904	32.8921465799	7.47143078066	44.5841733515	156.198613716	84.7160896915
467272754_old.mp4	39.1465126734	38.3303900905	140.31956729	75.8740686314	74.6370961627	253.704979755	106.810407397	57.6501009628	41.7621593435	6.2798408607	62.1843405334	235.901572374	132.770758231
409212030_old.mp4	19.9343257273	19.1207533383	112.429484846	51.9591886767	46.1111579544	169.275236001	65.9412023027	27.810228287	22.0754558617	0.330594940212	49.1120185991	164.807890725	98.0828558351
425432468_old.mp4	23.4945208815	21.7833018418	98.8628866857	53.0579027367	51.244945248	148.51664124	69.0175722041	35.9317562957	25.2437366512	8.21094281986	43.9886777133	131.984702978	61.4173786429
613501533_old.mp4	15.9990172358	15.2609105613	97.8118900104	49.0244014039	46.8621460386	153.96707047	67.6909110963	37.4808027642	27.1077468006	5.65736749563	41.4160874085	135.77994465	69.1032276704
642054048_old.mp4	26.9808965343	25.988499342	100.47384041	57.7874624969	56.4090949388	147.970745957	68.6038650596	39.9764503579	29.6099188702	6.16475820129	40.2521035089	117.160776331	48.6274457986
369534788_old.mp4	16.509527004	13.6628785244	97.4964189663	49.3510399153	47.2329364676	164.619501309	68.4023180776	36.5836987874	24.8011748723	3.7236596223	46.7169966566	160.637520782	85.9537623464
411100207_old.mp4	34.0413890298	33.3859588897	142.752805807	70.8850013532	67.9109044295	222.855878699	89.5588101475	53.2553849803	38.964793971	9.67846451806	60.8667338686	197.100015233	105.997209422
406989920_old.mp4	16.1779929936	13.2506633153	95.0896743221	47.7072932234	44.6803559448	174.057722245	70.394412277	33.6050979179	25.1939502349	3.04082316603	42.7553374243	202.925977768	118.202793193
506139782_old.mp4	29.8074962581	25.1322613399	160.051876321	73.0538626309	70.2823752392	266.396761529	101.355377848	60.4114761092	44.9362864932	8.59933385635	69.9273025169	273.409728506	156.577341762
VID_20160327_161228.mp4	21.2164171875	19.4065723692	101.600197814	53.9200720078	51.5344458336	159.785151454	68.7609053137	42.4569742866	30.5868307811	6.47844134293	38.028410486	148.354155951	71.241512031
361885800_old.mp4	14.825607073	14.0824925163	95.3218806894	50.2005280153	46.1236092174	149.754223968	67.5843993982	27.9483316231	19.3132745846	1.58682575065	47.4818659175	150.75804384	86.0300425548
481580377_old.mp4	31.0298624646	24.9529724945	138.470934433	66.5968005911	64.4450496644	250.40335172	92.9862179204	58.4060307206	41.9271557587	8.68288637893	68.9634422156	248.531420266	141.126093943
406044533_old.mp4	16.2547575793	8.46189567326	105.893698444	51.9702094958	49.4269214999	182.274354269	70.8139059358	30.6889239719	19.4362462629	-5.21074336237	64.5758547676	226.245698063	126.847418424
VID_20160320_134608.mp4	17.9270098083	17.6860954976	119.861317397	56.8294346347	54.7788786146	219.639668698	82.7315248357	46.4770462616	34.5944864569	9.17693197205	44.5633619958	172.450000266	95.2180721099
540633833_old.mp4	19.5524240972	18.0898546667	95.9731901857	48.8588329598	46.1013861476	154.078279253	66.0212781215	33.4495778919	23.4027475986	5.70806866582	48.011469589	160.622869405	87.0529110775
425489087_old.mp4	18.7095220188	18.5260373424	103.282983939	53.2180557951	50.4260742612	171.701901213	71.3808454129	41.2365295164	28.9491010941	6.15335175623	45.6947130167	168.190687314	96.9415378928
370577018_old.mp4	52.6843427521	48.1945204154	146.409487494	81.1381755528	81.9457603306	220.051450438	100.342911741	51.7133114801	37.8001904279	8.93372174808	58.9851769395	181.385966045	99.5788382233
514519202_old.mp4	25.8371234888	25.7038694722	108.538287704	57.3250149894	56.0897819691	188.171291795	81.2850944601	35.2346808297	27.271174577	4.426165696	48.3710486639	184.147259957	102.334384172
422113194_old.mp4	26.3133611748	22.3018158147	88.7840314531	54.306651929	52.7121338495	137.082501066	68.4655698478	40.1015317202	31.012820919	11.7616658295	43.4606472794	115.568977572	45.1447511346
369562698_old.mp4	43.2840947835	42.9942078112	151.345270666	79.1176185656	77.017222104	250.052769089	102.561415467	52.1683856815	40.1783736721	5.86695920028	60.7406073198	205.373680817	115.809194841
512380730_old.mp4	31.6285603274	37.6652545604	146.385688034	72.4865384917	69.193303333	262.267452539	99.1789839091	59.328175815	44.9069758605	8.03814228866	70.442739126	246.086426372	138.587989046
602936084_old.mp4	22.782548086	21.5761716468	107.598997085	55.8721828647	53.7105300305	168.566753518	70.72541936	38.9776731957	28.6081902006	6.06408921551	40.161494141	139.922935523	72.8830424738
409155050_old.mp4	24.0519660296	23.4705851049	95.702322739	56.3141578514	55.1597751464	144.315659647	73.4630468231	26.0538346838	18.2653244559	2.11210864398	43.4437247749	148.706877815	75.7066647446
399502311_old.mp4	27.6618784158	25.2579733579	121.215273919	57.5429309433	54.813528555	174.625376515	70.3446462563	40.2633379387	29.2943023754	6.7104853767	45.8975483855	140.52701188	72.7339112941
409859000_old.mp4	18.2918182677	17.4040355191	107.794258143	50.9457300737	48.5773446548	163.831135958	69.2367076295	22.6610623483	14.9715316423	-1.16521677855	48.2486959726	169.686211884	101.443761442
546434776_old.mp4	23.694677728	21.1139287182	94.2425524757	52.0666173599	50.5551846496	156.199422508	67.8427746742	33.0473544033	24.8076335262	3.87877920338	47.4027301928	147.500189114	78.5666374759
527166522_old.mp4	25.1163119046	27.0399490156	152.423139647	72.0202546252	67.9775792977	286.580117011	104.021268865	55.5839448196	40.9930857575	5.49808928333	74.4049004244	276.455758288	160.823490519
397972425_old.mp4	25.4060119184	21.673221146	87.468960207	51.1910448347	50.6780975941	134.426261067	61.4666147106	30.1503653666	22.4898603872	5.66943631382	40.7135106409	119.907464194	54.8249447654
419763750_old.mp4	36.2126185389	35.7691330703	152.049677029	70.2045003471	69.5444201121	236.662920442	94.4186330015	54.3301406702	41.2930158984	11.4395254309	61.2383106743	211.364320584	114.070047875
448634909_old.mp4	33.8201197672	33.6637971694	144.061827963	70.6274895781	69.4200263842	250.107132929	92.5722906431	51.240185708	39.9007967255	9.26436141499	60.3566014003	239.988956939	139.706857538
VID_20160801_115407.mp4	17.1825658369	15.4861966776	91.6306180222	48.2853133234	46.2697680666	159.039220712	69.4892753565	24.2505290196	18.2414372542	-0.496327462464	48.4381968025	194.065131193	115.509889482
482295561_old.mp4	19.796683419	22.8652277936	133.398884152	65.1075003791	63.7278052504	244.132733262	97.0438048873	57.2611585374	43.527899381	8.77246173942	79.2433511198	288.80127882	171.48710222
589049835_old.mp4	25.2929656909	25.2556717293	96.7618857287	54.3294785558	52.3629796647	154.740233957	73.7542970876	25.3806448128	18.368144202	1.24096489034	46.6689757969	159.842387593	88.5306658303
619526778_old.mp4	25.9077027623	23.4906779181	102.485906192	56.3017639416	54.532958964	160.722559285	70.078722971	36.0991910799	25.885109579	7.41669468815	42.9046051356	119.357954268	52.688064891
424417433_old.mp4	26.6338937804	23.7804556285	107.332161662	53.8362358508	52.1193798815	160.965106498	69.8440314203	35.1962131045	25.1909215913	7.28786294838	42.0536945297	138.163697715	71.3055341541
558978468_old.mp4	14.5196481321	12.7926295549	80.5460530214	39.8088934128	36.9319486034	131.651241785	55.9598234813	26.27271473	19.0667029753	1.62946136916	40.4779721107	152.616503028	90.5068751988
498201057_old.mp4	33.8540157879	32.238603883	113.872750047	71.8591204949	68.8041355942	177.981456817	85.8853336594	26.5392296166	15.9678040189	-2.36950964465	50.1455708341	188.029872092	107.338613258
VID_20160110_114231.mp4	30.8243829306	28.4116096156	104.69238282	56.3824178673	55.686281412	178.764603509	71.4990374812	39.0302917631	28.775905613	10.0587955173	42.5440824473	137.738261978	64.6063696144
345910913_old.mp4	21.8377895086	18.8727232123	88.3236689751	47.0339497147	47.0078952318	151.232692377	64.1940315107	27.8055959347	20.0178479774	0.625304410266	43.2295806294	177.836123075	106.096601385
409272834_old.mp4	21.4881347719	18.4403825848	114.24290829	51.1287231684	48.323465849	161.307216875	67.1169176292	23.4149567014	16.5908425381	0.173789820363	45.8012468726	162.939094295	94.59220527
476028078_old.mp4	31.9482867837	29.7031933399	147.576915412	66.04444462	62.9751812196	253.395497298	90.4914788381	56.1759733102	40.969185029	8.27448857412	63.234795909	239.12207273	140.002044089
409097196_old.mp4	14.2271577094	12.624186862	99.2559614244	46.2152198443	43.8967040975	154.234202611	66.3437111943	24.5488092133	18.8915154727	-0.890312977938	52.1069631176	180.413162272	110.329199871
497715366_old.mp4	19.0934882156	19.1227112047	102.077918323	54.6529495639	52.2976843965	169.10836016	75.6445771841	47.704526431	33.5379905973	4.87393997774	39.3800876386	135.230223704	69.6783414922
482713873_old.mp4	21.935418466	21.6029453157	145.342907253	66.8246828019	64.3726347559	247.822719995	100.761195286	62.0536044018	44.0367451275	6.38217664434	83.1996094903	375.275472104	212.657125432
412468317_old.mp4	30.7473849619	30.4661112697	147.933712264	72.454370386	68.3811575892	230.369054491	95.7352298548	55.9483042108	40.063061763	11.429795505	71.8855658078	206.468939713	106.167327406
626659876_old.mp4	31.254342723	28.6184571721	94.4091286634	54.1993640463	52.6206827907	145.903167589	70.1287607748	27.4111277321	19.3762964927	1.8663033401	42.1474903199	143.856523922	74.6815144436
409201858_old.mp4	20.1742691767	17.0855967976	110.543480298	51.9418071826	49.1310628885	181.507098031	68.6873369911	39.2757186498	27.2958813667	5.46344971833	40.0142617578	169.242252295	97.4573210771
643150319_old.mp4	19.2956494792	17.6282364761	110.869516494	56.2389250388	52.9268510269	171.431227872	73.1212664778	44.6902513009	32.5492837195	8.87820239723	45.4357463476	146.497968197	69.3295943175
391384296_old.mp4	34.8632946331	30.8607007547	95.5897454728	58.6454730235	57.7588986233	177.481609741	67.6031392872	24.0203705258	19.502737147	3.74453353287	34.4972059545	141.704760834	72.5073558613
527323945_old.mp4	31.1950874244	29.7091536572	145.048309712	70.3130007112	67.1425841699	272.025265438	102.69571809	62.778643072	47.2867285655	9.0176370719	69.6296322854	260.007814631	150.41464394
410079619_old.mp4	19.5507598733	16.4373654665	139.062853238	64.6385804926	59.6237277521	216.714581101	80.151524927	51.1583438773	33.2994307241	4.45084750461	58.8642337717	201.505090641	106.141095377
VID_20160429_093924.mp4	23.3789128629	20.8133655169	143.799243548	62.8012105974	59.8525006509	273.823979563	81.0111623365	51.445568974	35.7499831585	6.96381552473	59.524105704	208.74009027	103.715447567
403498146_old.mp4	16.4325165355	18.5264680188	93.905491858	50.667518326	48.1399164616	171.966533623	67.7991931992	25.4853173694	18.7129998149	1.28741493118	44.868039609	154.450124576	85.9733942801
431602348_old.mp4	31.7296134583	27.8192001509	136.632753985	67.9435740678	63.7290607467	225.717059897	90.8486293577	54.1046291708	41.2388704064	8.77056715722	62.2786825793	215.993131426	120.726786586
480671223_old.mp4	35.7505810751	36.2298470076	137.98004704	77.139956426	74.8573230085	259.368323248	101.453673882	48.8061769047	36.4035213713	4.22286133599	53.8226559882	217.74651692	131.557416687
512790190_old.mp4	16.7561298673	13.7952954816	104.526732409	48.199270639	45.2266378996	206.316250554	63.8512887826	36.5526381271	26.3416762766	0.781660106293	42.7930347093	154.519261303	88.7382788151
482714293_old.mp4	33.3301992579	28.7383342654	142.638377462	70.769981764	67.9869973486	248.255253202	96.2747689157	56.7972448236	44.7646634356	10.3773780718	66.1194053776	235.469320354	133.185154809
358717984_old.mp4	25.9569666675	22.0914347402	109.704102815	54.8824219026	51.6740206703	172.148335795	72.6522589527	32.8779423076	23.9792429151	2.54479479315	45.7029967557	158.682320261	85.4941847329
356542441_old.mp4	41.1772638428	42.0862236371	135.897770289	80.2298922609	76.3999840247	202.189099045	95.5250368764	51.877857735	35.3608642151	7.76445446064	59.3285694358	182.954158727	100.464858233
540383076_old.mp4	20.7461817024	17.8115244255	91.5025471088	50.6059443989	48.6438916186	155.241090061	70.9800567128	35.0950775438	27.8883784751	4.98360385797	45.8746881136	177.070392453	103.01861241
418076815_old.mp4	22.4585667521	20.4712642481	105.487373548	53.6095205752	51.3180729216	174.64156998	72.2802381028	35.1548862757	26.8033463159	7.70009580764	43.3951624518	140.702548258	72.1466958923
415084503_old.mp4	17.6565371086	16.2579729347	89.1811042617	48.1987249678	46.1168092051	142.504614334	62.2578193403	18.0136521455	12.1063726863	-1.92136824104	52.7218291928	153.222547794	83.2353115467
370501994_old.mp4	39.3915663132	36.7564909849	119.267572769	68.3354120845	66.7184452391	215.162502502	86.5568558542	38.4985386303	28.8654578497	3.16278852162	45.4738863942	186.23036819	114.744578947
409804033_old.mp4	17.7786792177	15.1975783275	87.7899870163	46.5411210747	44.9905072735	143.975017558	66.5226106987	23.9834858545	19.0241686081	-0.432291774791	45.4010622622	173.477298389	102.518374398
465718032_old.mp4	36.9090050719	31.771606335	148.544001243	73.4028625103	72.5574140036	255.315628396	101.094337391	52.6755382285	37.7419333258	4.49202427389	59.4921373062	227.473182852	135.329009058
VID_20160316_202252.mp4	12.2814345296	14.3692079919	106.856805991	56.1610229096	54.6639171499	194.27929083	78.2393151929	45.5164244268	30.3844095126	4.80219334722	56.6699799321	216.575234075	120.206829319
369791432_old.mp4	50.6171527249	48.6007235122	152.805483528	84.4881354609	82.1423807967	239.679632769	104.42888414	50.8482327219	37.6525261336	9.54416996214	58.4964793424	186.668316875	97.8395853772
615718380_old.mp4	34.9218412597	33.5853075842	121.08273252	61.1241147851	58.862789012	181.171310336	78.3645759392	35.2858361525	25.2099889313	7.094874245	48.9193022869	142.831597115	62.9074092908
406997311_old.mp4	12.450329458	9.52600368009	102.200703608	44.0450767582	41.7824758261	181.670993522	68.5867573541	27.3550540382	20.9614136105	-1.51100191441	42.5833761342	212.235183214	135.172228126
527147408_old.mp4	19.8059416244	19.0610593422	102.401968212	55.5034839014	53.8833059121	166.245003642	75.7589544103	34.319173103	24.2792639366	2.82086545266	51.2651952135	170.559898737	91.3926245878
380506614_old.mp4	34.1638289532	29.9519827907	106.371701298	59.7754101455	57.2624008145	152.426149762	67.4525338402	31.7230515277	22.3404455182	6.10595040272	38.590534745	109.594830939	44.5357296603
337964089_old.mp4	27.9871602377	25.8581383711	107.366875666	58.01717087	56.1646413389	169.417954444	72.6693809156	40.6352782317	29.8123501213	7.98346306563	43.7322706124	134.789814858	66.4597210027
523476808_old.mp4	25.9343812208	28.2403113231	145.62252532	62.3883218001	59.1709520759	234.052643467	82.6504036628	46.2898166308	30.9754230848	1.74083576554	62.0073597763	238.26630987	141.36136005
334449090_old.mp4	19.1469238458	18.7638840368	99.7672579221	49.8633827442	47.4564842958	182.340147305	70.7732034927	28.9859646563	20.9512152404	1.41283904304	49.2817922858	180.324150642	106.69077838
589014213_old.mp4	15.7498381544	14.6569032268	102.613978941	53.3544446387	50.5332174103	185.368971062	73.2560597008	39.0879697119	28.4739122403	7.12366057307	45.6279924638	169.666232145	96.8390424268
431598674_old.mp4	32.2810358853	27.4359720639	122.59662349	59.3160249202	59.2954960401	186.387135772	77.095919119	37.602423566	26.8133777091	5.88896818844	52.5918576278	160.776556746	80.7160759694
370077987_old.mp4	46.8660790727	46.6322413076	152.365784003	83.1079836747	81.5883830306	260.233296694	107.448800358	54.7779018269	40.6993373989	6.79410697563	60.0981945289	210.068907296	121.089581207
519086073_old.mp4	17.3373458502	14.6396855257	89.0128225367	48.3115889248	46.8093564517	160.141927695	71.7656087268	31.4239689025	23.4367716966	2.17487148468	45.1854365145	185.079419014	108.192760292
408356380_old.mp4	21.9247607287	19.6086752214	104.932173388	57.8433486657	55.0225629516	169.427308349	74.0227108181	26.4384433146	18.679870084	1.23045142551	46.1772177271	172.94850553	94.0589754844
512089056_old.mp4	15.8364235466	14.6027727216	66.499367253	41.3630070074	40.2424088884	122.824402394	60.2667621914	20.9846022882	16.4837576366	-0.0387173655153	37.0814575539	167.04058432	98.2962455526
551532341_old.mp4	19.0786792147	17.2447373177	100.381406083	50.959435146	48.9091639085	175.978119597	71.9578299081	38.2915226236	28.1131109757	4.67156105956	38.3683892135	156.010654001	89.8210060969
626153833_old.mp4	21.6751998917	18.4085392847	87.4775935255	47.9788107602	47.1063662344	140.840472595	63.6327179673	22.9944082177	15.7204387255	0.0635283383638	43.225908627	125.613743036	61.3742014508
503723478_old.mp4	41.4269034545	38.2558317944	135.817917932	75.0171699246	72.9222486814	232.780066202	96.456658049	54.8492004385	42.4004330467	8.43889010004	53.5963387429	204.443687769	115.101414613
519939047_old.mp4	34.3583910869	33.7438594172	100.621368422	58.353553914	55.7050673434	163.784885082	69.7359698569	43.1587268256	33.0640661092	9.33886132749	35.8347294511	129.204032741	67.0563243827
573761141_old.mp4	15.7062361405	14.6486139841	102.267886211	52.3552970363	51.2047982899	195.47275092	68.6728050672	36.6703398507	24.8933195752	3.20438875846	53.9688307098	166.115669432	85.6134319767
528665861_old.mp4	47.3884072522	42.9566311828	138.207034997	77.4940598603	75.7371994772	229.35403225	97.6220135452	57.4052566456	42.9370032341	10.1512806515	55.8888113534	192.391468816	105.572478404
381987280_old.mp4	41.8567292683	37.7166254672	135.769420419	70.9818219326	72.5923119901	219.24441131	86.674631094	50.8238247068	34.3487489176	4.91218687248	63.7863665347	243.527404663	149.458191943
590867884_old.mp4	23.2967386462	21.9781318634	148.066850372	63.7430010106	60.710917609	236.847002278	86.3894487954	40.5989288055	28.6138223345	3.91344354819	46.1278165798	160.532570903	87.6767382953
567053602_old.mp4	27.5971811346	32.4172286818	132.554506536	65.1573370789	62.5825164393	240.347358597	92.3857280611	40.4453480221	27.4726990396	-1.09446423459	75.4677687493	307.571931606	183.022764456
406998524_old.mp4	18.515676279	16.8677761932	125.620130933	55.6823652827	51.5044492497	195.380102509	74.5479693656	30.0054099058	22.0926157515	2.52245949383	47.3454054935	183.770969961	108.995438212
529732273_old.mp4	56.6344828136	53.9883797827	168.854042266	93.2736012336	88.1581091715	313.722122906	105.251523025	50.0039634154	37.7700673721	13.2882534927	57.194523307	212.868291117	111.284248328
391164745_old.mp4	16.507326331	12.9029506864	88.923202529	47.391781577	45.732659958	152.051866501	67.0832511463	23.293745684	16.6171475697	-0.673009361411	50.91899969	182.835782396	104.830308254
VID_20160805_163305.mp4	20.7515794806	19.619463698	105.289124832	53.715641331	50.4453102537	162.483088182	70.1346411401	34.6005794081	24.9401963108	4.26428452009	41.3468204491	160.648621828	88.8964477527
408243469_old.mp4	19.008758743	17.3843371679	109.359179946	50.5729594009	47.3051913312	160.886168029	68.6028566328	24.8295963209	18.8934854306	0.351703042678	46.0882051284	166.413958673	98.9831256324
607606389_old.mp4	41.562990105	43.2064197182	114.840104854	89.4702267886	85.0068736951	171.728430812	83.6663742393	25.4804353578	18.7936402611	-0.704529769365	58.6120712053	200.177427409	102.239366659
573911023_old.mp4	21.8365263765	20.5266182011	115.94978784	56.0862123735	52.4782126367	187.829447915	76.21993997	44.376267411	31.4890089203	7.7216523751	44.2388186919	134.744827844	72.0271791436
482301332_old.mp4	30.7976829207	30.5525117926	135.383262697	66.4193035191	64.7346627481	235.6361305	93.2488633657	56.5050229052	42.7061492885	10.6146331753	65.9629885799	233.905903711	131.847222381
468687740_old.mp4	26.4511808295	24.5531631515	90.3442374255	53.2840139335	51.1270059224	157.122719259	74.9992111713	31.5449081514	23.7896076575	3.15106505223	46.9572172916	193.519274016	109.318593501
636598755_old.mp4	24.8431445412	23.0298841962	93.9797519294	51.9419233131	50.5773372972	150.404458464	70.8474191219	31.6352995178	22.4442239255	4.1676382317	42.8065303364	142.153700635	69.4636943235
636368326_old.mp4	40.4692415377	40.2703830255	111.439044205	64.0290567231	62.9610597177	171.143849437	82.6357371938	44.9793147634	34.7097067162	10.537747811	46.4473142933	151.740520388	72.046837535
362439656_old.mp4	29.5451732198	27.700587391	110.799895321	59.4072314897	57.8510430604	168.236498667	78.1924380678	34.4654114966	24.8229226728	6.02627798221	49.4741965299	159.466047795	83.5181446177
418479767_old.mp4	38.1350797618	35.873722959	111.646455462	63.3529216139	61.1674892811	170.677143184	81.0178381319	36.3509140895	26.5397620712	7.80212504373	49.2423187827	148.462431664	75.06211948
495808893_old.mp4	41.447324542	37.6052253511	151.4540223	78.6012743196	75.6641330203	263.252727881	105.634047476	55.8918957496	42.5145376898	6.07483368059	61.3829465749	250.95925033	151.258764379
397931490_old.mp4	21.2391406147	19.5960089828	93.7480979252	49.9473413112	47.9703987574	147.928599457	67.9512123048	34.1304975185	26.3722987248	5.80289605025	40.832713659	148.116555272	82.4340398758
381461751_old.mp4	14.7775155758	13.4843185205	95.0675715743	48.6522903959	45.647735737	167.35227333	68.9796214066	29.4843629032	23.1521857435	2.2547924752	49.0788576266	203.233446904	119.233236274
399494504_old.mp4	20.4868008124	22.2852401481	105.389118056	53.1196509301	50.8711464028	168.111031832	69.3803422443	32.0891017789	23.2423645172	3.85247880505	50.8299046809	148.69529335	79.6178781244
543249132_old.mp4	11.8083868665	11.1528839134	111.519172061	43.774595409	38.3035317543	174.11418204	58.4633389011	52.0790621922	35.9185740346	4.169225208	57.8686515401	174.69183539	86.9483528267
577003755_old.mp4	26.8953562802	25.9438628963	114.457734732	57.14274109	54.1122648841	179.657910988	75.3766375024	34.0669991378	25.8984943344	3.97967436203	41.1833723054	151.609711148	78.0375635931
372101871_old.mp4	41.6415990077	37.4934854855	146.491972004	76.0032221444	74.392374408	255.365442172	99.5114874344	50.8926893991	38.2710899791	4.88031305042	59.705707103	225.362142655	134.42168613
415699866_old.mp4	20.2375450749	18.6478630671	87.9331033683	45.182693822	42.6539023271	131.338581513	56.5113250475	33.0826009956	23.7218565894	4.65940772849	35.3237686395	102.104945322	51.6676408092
481579944_old.mp4	27.5441422113	28.0691108303	134.792369868	62.3723020562	62.1558604217	257.608795589	98.3577050455	55.4879301475	42.6601711487	9.11765126362	71.036747956	312.384616112	177.023497711
VID_20160801_185005.mp4	19.5043579669	18.1697127386	93.9669839289	52.5413516157	51.0639345185	154.865441543	70.8807096309	34.0056876351	25.013104977	4.63936969163	41.6162110745	157.429452676	83.6605864442
637506191_old.mp4	23.1659099885	19.6799192838	110.805277175	53.787105238	50.3935796227	181.549288711	74.3121323964	37.8295697459	29.8726144055	5.76578845213	45.0095035246	156.596405222	90.2243850273
372119114_old.mp4	22.9110066648	20.2620358918	127.776125004	60.1101420046	58.8999888462	236.314700278	78.7290665856	50.8701760655	35.9289446174	4.68118621458	57.9136167395	201.06393664	104.864012542
612148598_old.mp4	15.9113744958	14.7954623563	94.3577405544	48.0655007717	47.2579587423	152.858412029	69.713638014	28.8357348634	20.8661438981	3.55774328772	45.6853044147	147.509512677	75.3050670383
571903718_old.mp4	15.8190033974	14.6351410098	104.873126482	50.5342333461	48.5557043295	175.248795399	74.0453618941	42.828608198	30.630351728	5.87518812506	45.9065197196	160.501357487	89.8396041496
553547388_old.mp4	29.8601389791	30.2130705897	129.354154663	64.1368584422	63.7671872879	203.008715886	85.4602457778	46.4757519097	33.6697657571	8.50389121162	52.2628815643	177.666545016	93.0366379341
361970560_old.mp4	19.1286263942	18.1773362289	109.312912743	51.3824270326	49.564383925	171.64171392	69.6008933689	34.6757164632	24.6191356048	4.98301956936	45.1174140456	134.963795202	71.9823636674
361873075_old.mp4	21.1776489502	19.7595350445	116.710936403	52.9731963525	51.0414372209	172.920947746	71.7411199652	32.9386124664	24.3087566052	4.48475917258	43.6968149138	132.136692847	65.9431678523
601088723_old.mp4	14.9216085446	13.7964968605	76.0219269988	38.4309228403	36.8945825538	122.161640894	52.5062488103	27.4913057336	19.7289018018	4.27114627262	39.7944053792	122.929787826	64.3862435038
435463507_old.mp4	21.6244287247	18.7254738095	100.715080166	50.4207415912	49.6567065199	149.932274018	65.9443703033	28.4324882936	19.8813694281	4.34611424619	43.4577560882	132.105932457	63.8415936085
413375057_old.mp4	24.9058513947	21.345036018	105.625203451	53.1923975315	50.2146093671	163.64021527	68.1972474913	39.075762324	28.3877721578	8.02064893355	41.9485506146	132.778616029	66.7350340751
469049450_old.mp4	32.0887969214	29.3897934384	135.136816889	65.1570776594	62.5785859349	229.316404337	88.4417826078	54.0628302805	38.829281576	8.63617240621	65.7148262602	270.175496218	159.084944745
371469024_old.mp4	42.6326722854	41.0460306523	145.275122598	80.2646012381	74.8586591305	255.340622179	101.732276272	51.4940242316	38.6624362651	6.37700928079	55.0270200643	211.092481565	125.030690662
352775175_old.mp4	20.4697185129	19.3544742808	101.980814933	52.7061599861	49.088491765	162.892212631	68.590088209	35.5608052764	25.0736609254	6.65008886731	44.3759468614	140.981950153	71.146603696
372234240_old.mp4	44.7545138432	44.7369420048	154.515453664	82.0602861499	78.0637838067	245.449942091	102.854154061	51.1508286783	36.5650574783	5.59061067982	59.1342219842	202.389354664	112.870889946
406998966_old.mp4	15.9212461207	12.2644489085	83.1408248899	42.2533589226	39.2019728307	128.309181083	57.6915445317	19.9485239548	14.5246661257	-3.10921273549	48.3505051112	188.868446096	123.559303339
428012473_old.mp4	18.3977932782	15.6855978434	92.3082624045	48.9495428433	45.9848218983	152.358901026	67.9256130166	30.4295500214	21.8011874387	3.30620444155	47.254631642	175.931845633	101.422429035
477645779_old.mp4	18.442369188	18.7706488564	135.04203919	60.824224782	56.3801358202	245.609178889	93.2616389806	45.5221414443	32.2072457129	0.608991282085	72.3369001948	329.42068754	203.348126354
562620546_old.mp4	20.6780901869	20.2508550004	112.678865268	60.035935989	56.5841359798	209.938712071	82.3488032622	46.6116735141	34.1754312806	7.04287932507	48.1014456711	201.750613862	110.062803252
428374205_old.mp4	19.6668002262	16.9140961655	83.4118963185	47.6432181362	46.9869222216	136.361490374	61.8078492274	32.0904071262	24.0748192347	5.79649334062	42.2881620229	135.925833139	66.7948379785
408697374_old.mp4	16.2680629085	13.8874006062	86.2373343968	46.5955476654	44.2870665052	152.210057594	65.3383884379	32.4028690918	23.8237780735	3.57183752881	43.2822646016	159.818334642	91.4369101491
406989268_old.mp4	15.0220510033	13.3882878646	113.974857734	48.5510057197	44.6661519515	195.545023861	71.1059097733	34.3792428085	26.2237889201	2.44977858353	50.5436774308	200.203102407	120.533178474
400744217_old.mp4	23.5560648014	23.102797254	110.890919885	53.787472383	51.083196147	183.254080516	72.3271079068	41.6764923053	30.0026338416	7.8166566737	43.6977327634	160.278787482	89.6773493737
373591775_old.mp4	21.5532954539	18.8326961834	79.5934286554	45.6617202347	44.1304956749	130.740282896	63.6123115874	20.0259239058	15.5915819296	-1.49038540377	51.0637127986	156.589465758	89.4800511196
358718219_old.mp4	23.1135921111	21.5665029287	95.4832978304	53.3659642722	51.4415441526	161.250545452	73.0902540256	28.8842744473	21.1060521439	1.594803926	56.0780060954	182.327535283	105.243660439
584755726_old.mp4	19.6516418441	17.9394516181	113.457808497	51.3672304522	47.0621530918	170.736437064	64.9348980495	41.0605635647	28.1340051316	6.69384030745	47.7340692339	144.153340418	71.0282896474
602955327_old.mp4	21.3567786293	18.843915499	101.945119212	53.9653145425	52.3267521075	166.204003777	71.3398172022	42.1044822481	30.5678558398	6.79697994582	38.3303089971	139.289595941	74.2920796261
555422721_old.mp4	18.8601516668	17.9634048175	109.874222768	58.9052562005	56.2339121058	204.474555181	80.6986391177	39.0243378744	26.359734912	-0.0917967615917	61.8664517664	207.78195978	112.603733735
560597688_old.mp4	18.8985137736	15.9533465812	110.588374014	52.1888215928	50.1184105407	185.280378433	70.0425562248	36.4641017323	26.9967545275	4.8073712585	40.3169397743	153.431912829	90.1924620814
VID_20160802_113658.mp4	18.8973607137	17.8425285125	103.59584701	53.7618194668	52.678852382	180.457580797	75.2138495827	38.9230436098	28.6039206678	4.92143178566	44.1371105992	178.778719788	101.323871723
543146758_old.mp4	9.52494101505	7.61046860559	116.172651397	43.6680874789	38.1588353937	196.920799161	53.8122412918	48.9821878634	31.1772291525	-3.950064421	64.042079739	223.302102293	101.123262958
504551105_old.mp4	21.8006262747	19.4853685733	122.608043601	53.0968973547	50.5113440165	184.675911732	70.7153677071	37.3169382604	28.3271142686	5.76547558523	42.5605846037	149.848767318	85.8210472211
477208712_old.mp4	34.2789476948	33.2944953786	141.982958074	74.2123475169	72.205465896	232.681963718	95.3948930575	51.3249021948	37.9923535279	10.9903520932	66.0551480178	194.523996211	98.5923674604
500386904_old.mp4	16.6787517484	15.5821792158	95.069663868	46.6762512859	43.8661579536	164.687958014	65.0622791199	32.6231145139	24.0254839958	1.00588770616	38.8815913348	165.979462248	94.9662453823
371801358_old.mp4	21.8162786266	19.9572907331	93.1084572091	51.550886339	50.0298161266	159.723401761	67.1015913255	25.3046830919	20.0232189934	3.05697183519	43.3353365496	163.320568709	90.8836562567
433635364_old.mp4	16.7234450654	12.6399405343	66.8207555644	35.678734007	35.5624167411	105.853823651	46.1693073023	16.8432855757	13.454414571	-1.81223419362	36.9478933999	116.139577412	69.3721591926
539496469_old.mp4	24.5961861491	22.0970032993	140.847769722	70.2912203065	67.4824267154	225.307947121	84.2479971215	57.0737666747	36.9262392422	7.81992175638	66.7385703607	210.365982005	104.165190179
449730340_old.mp4	24.8103721063	17.5118267768	130.420543831	66.3556324246	62.4624882292	229.109045472	94.252742374	54.4308719538	38.6221121495	8.97014429963	64.5985762934	223.090467265	125.102994912
435198348_old.mp4	16.567511899	14.1520970053	91.0920299076	48.086641021	46.4973871026	155.803712372	67.5087025649	25.9652900586	18.8973152101	0.522154909971	50.2259024428	155.330731163	86.8605439666
420963759_old.mp4	34.8861593385	30.7633595042	111.547180634	63.6012128194	60.6776815248	180.570795475	80.4320057592	44.0776070773	33.4522282021	10.4021344423	51.5930131033	163.402627268	89.394676839
406989817_old.mp4	14.961468596	12.9977647853	103.403721305	50.067486404	47.6577303413	185.066193749	76.1319314194	37.7480308464	28.6851057323	4.34466096823	45.4496677472	208.063170073	127.245622268
356686522_old.mp4	39.3650980175	34.6197207857	134.242143141	71.7091736501	71.6220849634	222.348982615	94.0883287928	51.3863839361	37.8215768036	4.82033986975	60.1171435081	200.4838016	116.594527259
573905099_old.mp4	27.5082804149	22.9813477047	107.468699717	58.1893989912	52.3887596479	168.934410911	71.2119753182	39.3517623572	28.5770374859	6.75830188606	44.9340810327	122.05714802	65.0881825346
633266001_old.mp4	10.33094845	10.0483185209	152.043840301	47.7909405528	41.7204246004	264.233653906	59.7162356124	37.0402013236	22.5304753625	-6.81336923147	79.1875666668	289.049605905	145.334939032
509085638_old.mp4	27.5500337565	22.9420680808	104.811318949	55.7515795005	52.8618983536	165.589328735	67.6759076044	33.2195303533	24.6429645803	7.91917580438	40.2218473126	120.60677088	54.5894786377
445404431_old.mp4	25.1609529261	22.4326902675	137.822283008	67.903110602	65.4225546648	253.484924197	99.5596130307	58.1964759919	44.0908127774	8.51879624587	68.8429173638	250.862938104	140.858473084
433789450_old.mp4	19.0810834021	17.6083273002	102.530581114	48.3106832833	46.8345829257	156.19575154	63.5847679987	37.0095885624	28.3597441448	5.89242636457	41.2607542374	130.882562423	70.0195990528
537087569_old.mp4	37.2770679926	37.8570077137	130.681106952	65.6892558964	64.3939987868	228.953618957	91.0898089392	52.5823803615	39.0070903257	7.61683376779	53.1534308035	198.974709892	119.963705044
525832383_old.mp4	20.6807670137	19.013370163	102.244843511	51.676588162	50.1890268296	156.938788945	69.2755858577	28.8941699002	22.5095114494	4.40728390666	46.593629966	148.6586477	82.8118931826
523630980_old.mp4	30.6375259489	27.1684699616	145.230141035	71.6475238306	68.321069978	255.715954498	101.008981215	69.1596452461	51.4595194729	12.7479804846	70.8585146192	243.414176293	135.53147462
426706419_old.mp4	28.9707661397	28.5083281305	94.1461753439	56.4435998881	55.9517729604	141.25926555	67.6862695358	33.0295244607	25.0932864947	8.33616365165	39.8367312669	112.418353163	44.1361165308
500873560_old.mp4	18.8442838307	17.1399140972	102.358922688	53.1399485523	51.2741332353	156.517434857	69.2334152974	32.40173061	22.5387447804	4.29682639759	42.4453570902	126.563742292	56.3861811448
379412990_old.mp4	22.2149043232	19.2900345031	89.2884840837	50.8586110436	47.7890730401	147.369589225	64.4447766293	30.2958638007	22.0769082955	4.76300009817	41.2473389845	156.73495664	87.9273570293
409101162_old.mp4	17.209031102	15.277209313	103.777395952	47.8003407363	46.5868606542	160.082839852	67.7172582971	25.4102329146	19.8104849128	0.483478743803	48.600998046	166.918256643	101.601154133
406040951_old.mp4	18.4921121465	16.3508216465	87.4966739694	49.3989495494	47.2055322541	138.916887776	66.2841832057	29.3596773684	19.03591073	0.375502044661	50.5617442549	153.662480221	78.4848252984
522426555_old.mp4	20.3825369822	17.8570211098	89.5186624789	47.4569731487	45.4829216339	152.146324292	62.8816202233	27.6810176973	20.8109679451	2.80963913944	40.7495789798	177.32446796	100.563698025
595157344_old.mp4	19.1865104098	19.1455282658	113.751513719	50.3183529743	48.8300550499	173.011649145	68.4684004718	34.184591447	23.707717222	3.13557330708	42.121013967	142.173514225	74.2236505086
553593161_old.mp4	26.261353108	26.3238647891	139.993565068	66.8591247517	62.0233144986	235.040641552	92.2692948277	44.7793931909	32.8953927887	5.51389688538	58.0346475842	222.433673376	127.718733254
556293674_old.mp4	16.6915334137	16.5321336349	82.8837465404	48.6513860719	48.3040567008	140.977099865	66.7212745701	27.5446300768	21.2484174926	0.94541760676	48.5934258515	167.076210941	93.5853739669
626314255_old.mp4	31.7953505091	27.3358611363	163.684564392	74.1072453442	71.4474049545	291.78742257	106.507410558	64.4032457401	46.9076327116	11.6145370078	71.0090245651	254.491515392	142.480256815
391164050_old.mp4	16.2156579584	14.2394187611	86.6090022679	47.0438947517	44.4431217297	150.517448249	66.5124051103	23.3857479196	16.9730507542	-0.735428382834	50.741950642	180.63504688	103.119744695
526647936_old.mp4	22.7982607171	22.6058390174	102.000508748	52.0925006444	50.8328176412	163.540336462	69.9615136281	36.0885561719	26.5516388686	5.64297492452	44.8915860106	161.184017094	94.0638431695
369990283_old.mp4	43.7936033429	43.1583568814	134.244756446	77.921988509	76.4028008792	221.238488802	99.167664051	54.5121168978	42.3329112167	9.58212917086	55.9126334715	188.485256613	106.30398398
445403295_old.mp4	29.0824396538	25.6056150918	142.551704532	67.1222727214	65.1068289234	264.378311047	100.123687655	63.9242668528	44.4934172178	7.95114863598	69.4378845855	250.390403146	142.185926638
518939762_old.mp4	45.0366503103	48.0757892897	197.256246298	95.4534356214	96.9703320103	288.557683535	109.570124008	69.093112757	53.2814374618	13.7525049062	76.6362635799	242.519248473	133.3287604
578223459_old.mp4	8.76961887349	9.69681129301	103.684574173	51.7477293568	48.0006027863	189.367295265	71.0589232965	41.3835129756	27.2724820631	-2.80659371185	59.1745670911	247.936664343	139.412740122
612017085_old.mp4	22.9341282856	19.9652443463	102.891271104	51.2082256214	48.3991262696	170.088097448	64.3140053034	31.7326053244	24.3635583777	3.16596303239	47.0387194653	148.931084647	85.9963602472
406434809_old.mp4	16.593206129	13.4321704557	113.385265999	56.0653313016	54.0161083695	201.635614444	75.7166011035	28.4505641114	18.1657592836	-2.62023148972	64.9441915845	227.011009787	130.983879571
438276436_old.mp4	20.6257089287	15.8725853165	118.320090329	53.7314310172	48.6560361556	180.026678374	70.1826415795	36.1726100846	24.8664980238	1.07432166037	46.2470718064	172.662034999	100.209903453
VID_20160801_203115.mp4	17.1202181045	16.8271804975	93.5248996796	52.4057968517	50.3226106717	171.337357799	73.9317751513	31.922989168	24.5521658014	4.33417251363	50.9304926024	191.96800872	107.761875238
591144900_old.mp4	19.572271888	18.713889046	77.116618765	44.2824600368	41.8040165213	119.260123226	53.8683972494	26.5595509875	18.8998149474	1.20036830553	35.5324888505	116.93103029	55.8894059292
VID_20160805_145901.mp4	25.8234886269	25.6875466581	113.164939836	56.96920333	54.2958525976	194.980829402	75.8301601033	43.1623983023	31.1137314812	6.54986967256	39.0313306392	153.410903834	85.6332716107
345081433_old.mp4	45.6703831634	44.3230648598	180.094683932	86.8725849334	83.5565731827	271.566923961	106.194258394	67.0562982076	50.4767252919	18.7872988981	64.8128733908	202.511467942	106.093334649
413257163_old.mp4	18.407961249	16.8485097606	116.530689504	51.3962439227	48.5171533186	179.409768558	67.7047876632	41.7795038631	28.5636666092	3.66243363116	41.3395538985	165.836108627	101.80605104
631562279_old.mp4	74.1242817125	73.4352098297	161.984977671	125.528013295	123.581024436	203.979976096	127.212309482	35.8124949359	26.4562342242	2.52175326849	43.0174960543	189.424568361	101.695977384
398105721_old.mp4	23.6398955956	20.4507603757	100.235953214	45.750024823	43.1849224623	148.941387691	56.4931692821	28.8834877612	21.5457024008	5.97005863394	31.6629305871	119.566816946	64.9495305726
469629614_old.mp4	26.718431943	18.2002620982	158.122494607	64.9520794112	61.828104805	275.052127067	96.8432161015	59.8245284179	38.3170742274	2.50044207129	75.9164684745	312.826130917	186.272620049
408250654_old.mp4	19.4790895458	19.257719046	104.20371373	48.976794443	46.9135648841	153.368888256	64.687610501	23.8261353071	18.8531829517	-0.228506784522	45.7308035433	173.710222122	102.684279933
433762996_old.mp4	13.8084565983	12.4235548053	91.0544085827	44.1211908397	43.5612532553	159.892421887	61.5274098794	32.3690180562	24.0170677626	3.6568006316	42.3229591907	152.977054561	90.2536452871
467267382_old.mp4	43.0688036633	43.5721962667	142.166374215	80.3626261074	80.9818053466	249.639768168	97.981344832	46.2107127264	33.5007085128	6.61752147924	58.2293082618	194.125620415	103.733436962
368386985_old.mp4	25.3256606268	24.1403224803	113.966292275	55.0011343322	54.8442926265	161.909138154	67.9163899327	36.9212860232	24.5989394299	5.01423758133	39.0567250795	120.97876569	54.2235875031
455564196_old.mp4	30.0512029294	24.003841035	148.172004866	71.1623727797	67.5330631527	272.835762189	99.3728809604	50.9217352444	36.9712759017	5.84692450847	69.288533186	255.631426859	144.034170222
342982081_old.mp4	27.7074082306	27.8960153159	111.272215511	55.8472545909	54.2028774513	164.29577427	72.1443990571	39.4493491378	31.2115179075	9.21093516924	42.7623805866	135.045851769	69.1878885602
497872433_old.mp4	25.6493066371	26.6749189607	124.386032244	62.1623086637	60.1108099903	214.307104661	84.5880541344	36.3522204158	26.8601859082	1.10554279264	65.2729954097	220.101876172	127.153112598
361131704_old.mp4	39.110384048	34.789495734	145.222818051	72.9628816378	69.2422450862	228.654272155	88.4282465097	50.9303059563	37.8584240472	9.54094260497	52.6430930098	181.728804613	92.1865468617
548387876_old.mp4	30.7120920699	32.8773081852	130.181697856	63.1983946914	60.1089513802	211.528745346	89.195496231	27.7654137608	20.8251106095	-0.0493686547679	51.3580802271	189.083362863	107.296734605
514577999_old.mp4	15.9762635072	14.9226786802	114.776255946	55.4544371867	52.6675923834	211.758140738	81.8864876733	42.7018321587	28.4134897216	0.172400667961	58.4963618233	235.744683795	136.110420862
513978311_old.mp4	19.9558008276	19.9991551102	106.268269699	52.6799502365	50.5658203068	164.617595668	71.4765340267	44.4199586246	31.804912686	7.33456325249	41.0797207872	141.480229276	74.1665052806
519917346_old.mp4	21.8230148228	25.5986748879	157.405616089	70.9383181796	66.8579655213	270.692200612	101.663215534	64.3954261781	47.3763963727	9.98265836198	67.0266609671	249.977364478	140.440340803
642669724_old.mp4	17.4926797708	15.3569085929	90.4583444612	46.295983955	44.3028917731	156.843672141	66.593418476	26.8117296773	19.8779179397	1.13001791026	41.2844651163	158.565128243	89.182642323
601892784_old.mp4	13.4471987834	12.1042828682	86.5704598817	47.0912159865	45.6171284366	153.885276769	69.0226081908	27.5752496601	19.9402413788	-0.667182303527	41.884477558	166.698772462	99.0901735154
635147871_old.mp4	42.0006092922	40.2242300116	101.111419611	63.687247047	60.795784896	169.939536073	82.1289389533	40.3198933944	30.7498842018	9.91798474503	49.0272108153	157.11112054	76.3279674749
469048311_old.mp4	24.3478083844	25.321626677	131.185500173	59.3922763953	58.3684083476	213.245338457	82.0619759262	52.6317639317	39.2151857134	7.67312592801	63.9288514025	245.268955928	137.445589645
476050778_old.mp4	27.8272939039	23.4355915252	155.150583619	63.5827143299	61.4981580179	269.362667778	90.6966623007	56.1490109467	40.3570932851	7.49754990183	67.3752419046	283.754085674	169.014105935
405689768_old.mp4	24.5075872248	20.5277175822	100.917397813	55.1240696452	53.5907735795	163.673293838	73.0408548012	35.2668472986	24.4808213304	5.69680716096	44.9754182392	150.853345645	75.9413697339
367901980_old.mp4	16.2450144426	15.3395340742	75.6713106675	42.2111499296	41.6470855776	126.478541906	56.2016685591	14.5729477265	10.425218834	-5.85830868899	45.8297328245	205.503094772	127.499330178
522385961_old.mp4	29.6849559938	27.0085293843	171.42769194	77.0910303103	72.2814074503	299.719554023	109.770077657	63.6329914354	45.4253950478	8.54373231208	74.6672099156	253.754965122	144.301287556
576518755_old.mp4	24.1052746587	25.531683066	109.576094946	51.369319449	49.7882200228	163.071070612	65.6241397474	30.0233440185	21.5759359232	2.25517322579	40.4041638833	132.438681255	71.8041039542
441283027_old.mp4	18.3765311393	19.4400487531	96.0834029101	50.5571565128	47.8780701383	155.577339089	67.616915454	25.0868313786	18.4828196871	1.46004459136	48.2317833821	154.320048333	84.9353484012
409293865_old.mp4	17.601668053	17.9710758634	120.390221064	51.7334146213	48.4885085863	216.753066546	71.6582788604	30.9518202767	24.0728744639	2.38037630955	42.2186977871	196.034473489	116.133344713
420731267_old.mp4	19.7561825854	15.7120209691	90.0497174655	48.6566443572	45.0446278035	163.207705348	70.0809876974	35.2834189931	27.8575940431	5.57385014394	43.3733655953	198.288391302	122.396947007
396798207_old.mp4	24.6876576174	24.413458193	129.550688365	57.2026364744	52.1693420012	212.054699594	71.5274353385	40.0272863669	29.4826708651	5.32251251965	40.712616377	159.710482938	92.9130833085
527970974_old.mp4	26.1304015181	24.8400851817	105.230196535	59.0222517424	56.705143335	182.592161321	77.4796788645	39.9867890336	30.3870545846	9.89248526614	44.027064978	160.229989749	86.2744678319
409108940_old.mp4	15.9360180408	14.9399163359	87.5798619084	42.9556526779	41.3908874716	145.50229665	62.5838022907	28.7798623693	19.9494443645	-0.290521619314	41.1795051731	180.314108441	106.417927335
515342469_old.mp4	16.8742848097	15.4607140616	88.8831046226	47.0653789123	46.1470978969	153.767073738	66.5350534945	33.5912238173	24.6254045909	6.17326406875	39.1652646502	151.084694365	81.0687770722
381887305_old.mp4	32.6316771638	31.2507016371	102.662790543	56.1843760018	54.5332354459	160.917080504	71.1527497929	33.3087190569	23.9590611317	6.7629220156	46.6275914144	143.983413162	72.8369455063
593914133_old.mp4	24.6706819854	24.0699357502	110.896995805	55.5840857459	51.4268568401	182.809682533	74.6083288646	41.439104227	28.1934964937	4.29471910015	40.9422912541	128.57467304	70.3314247428
502651342_old.mp4	23.6087321512	22.9994613635	107.081775451	53.3882296497	51.5264164405	174.309481188	74.8070130923	29.1945913795	20.9689470545	1.66643165478	45.9094956679	176.300795676	96.0483484032
VID_20160813_141954.mp4	27.2201927259	24.7194512569	134.698590925	68.5312488185	63.6586116346	266.646066778	83.3491948876	55.2480264185	40.0201397875	12.4147478995	62.3848411512	189.853756975	98.9361063161
571528362_old.mp4	24.1924405157	23.5388911291	120.196233537	57.4260657042	54.4718142247	227.453892133	79.3663150108	40.9965525216	30.6515429681	5.7294777859	47.5433569564	184.183811766	100.9281238
408245058_old.mp4	19.7844683634	16.6303653034	107.994200557	51.0880873597	46.5140684483	158.620122052	67.6493611711	26.2225971434	20.9207654346	0.135215612334	48.726051201	175.892887581	105.518737242
VID_20160725_091502.mp4	22.9811308816	21.5611203799	103.678641054	54.1106500195	52.7831688552	162.863305339	72.8438874999	31.9662579302	23.0518506299	4.49285420861	39.5957101855	146.346990735	71.3692473476
371500354_old.mp4	39.5872662582	39.782953475	138.731560318	75.7347147314	74.94158568	234.72559762	100.651946835	53.2624098381	39.4890207168	8.10039733742	59.5160543854	205.105042192	115.546083854
627440624_old.mp4	15.7393888891	14.6809811839	106.127667235	54.1795234088	52.8815227534	198.132814177	83.5969602812	50.56243713	36.5270786046	5.55990792586	46.7849036291	168.828469212	100.434665568
611393344_old.mp4	21.2296280693	19.4430934665	122.196371995	55.2555887526	54.520838902	209.0253469	80.8297910807	41.3695022079	31.014624648	5.02791395031	46.3175657345	182.101681774	104.391237393
510411939_old.mp4	25.4430486979	22.8099568407	119.717280814	60.3832739963	56.4526496964	215.663792533	86.5392440178	50.7802671366	37.0553132564	5.77013932304	63.1851056861	268.750473455	159.596218466
595904793_old.mp4	30.8402812289	30.2330906597	102.885380693	61.6160860391	60.6426892218	157.090219152	75.8695640891	31.2982434497	19.4097113021	-2.69370085115	49.4368207859	184.562273372	111.358837718
543153179_old.mp4	18.2489399268	17.5912180445	90.6813103127	48.4302951317	45.8557498915	142.586307584	63.9841631877	34.2476600042	24.1571010091	2.89363411488	40.0892964729	155.662845986	89.3254050607
400916331_old.mp4	20.2259639105	22.730082914	133.791142312	68.6723999469	63.7562052209	214.544967336	88.8947941345	55.1752907091	37.9910383777	9.21977398279	67.0856354951	218.075022888	118.767455467
571891351_old.mp4	23.4522993655	21.2846061202	136.810831193	69.4602318865	64.8906805901	227.537922942	87.6932851132	52.1419575195	34.3304354054	6.66046303404	70.1781885076	225.112743347	114.061772846
