filename 	h264_qsv_medium	h264_qsv_veryfast	hevc_qsv_hw_medium	hevc_qsv_hw_faster	hevc_qsv_hw_veryfast	hevc_qsv_sw_medium	hevc_qsv_sw_veryfast	qy265_medium	qy265_fast	qy265_veryfast	x264_medium	x265_medium	x265_veryfast
316712195_old.mp4	-13.8050125249	-1.91435819518	-53.4281548259	-48.1076028646	-46.7566705605	-53.1663489579	-46.5827194094	-48.3568831183	-46.4439893502	-44.3318895859	-21.5399869259	-43.0024054959	-36.3637809504
370108669_old.mp4	-11.421993516	2.7509878223	-58.9264341024	-54.7682780626	-53.3958083085	-58.5423151689	-52.6089349185	-54.084095373	-52.667349431	-49.8722779605	-16.0330336575	-42.9749850799	-38.5371001917
522270587_old.mp4	-1.08076787964	7.29133478197	-47.8350934314	-43.078555262	-42.3611796846	-45.6275850141	-39.6362482309	-40.8210178072	-39.2134840657	-34.5128842602	-13.7513047064	-39.5298898985	-34.2633180644
469042201_old.mp4	-11.7762751845	-3.5304535699	-35.6237233736	-28.4163842349	-27.1002423064	-35.4871970339	-26.6432122952	-27.4800607968	-26.360626044	-21.4828558709	-17.8648185406	-23.8888025984	-6.71539596366
408527830_old.mp4	-13.1160450988	-5.26830862428	-59.4684391381	-52.5427614219	-51.3028634447	-59.8207010044	-51.8758518962	-58.8388466897	-57.0295247451	-54.1986179996	-25.237796605	-52.253151243	-43.864413631
523739759_old.mp4	-17.6634517601	-8.28325886177	-43.2689667586	-36.2661423417	-35.0129409621	-43.9194966727	-36.2471497138	-38.2611861453	-37.1289424757	-32.686971893	-14.3269547981	-29.6797499234	-21.0482561618
561206317_old.mp4	-7.3214590432	5.83255189401	-48.6192310448	-42.1352834784	-40.7899032336	-49.6524980335	-41.703943834	-40.8998863737	-39.9927365622	-35.6227463472	-17.5235094009	-38.3236583903	-33.8865731482
626696816_old.mp4	-13.0345385469	3.03903826501	-45.9498715016	-40.3331584301	-38.8982266494	-45.653360895	-38.2367667765	-43.071872561	-41.2271722984	-38.2639543681	-19.2097230941	-36.6179055228	-31.3831748583
629744388_old.mp4	-20.8133048513	-14.9187932631	-49.2066539036	-42.9643420446	-42.1297471607	-44.0279051815	-36.7550060157	-35.9906682603	-35.0962251162	-30.9018055683	-24.1192394144	-33.3621055566	-18.6112148274
VID_20160804_164352.mp4	-7.69431015302	-0.885357550783	-47.1232589899	-42.4993698555	-41.4605706252	-46.3844620205	-40.7007670459	-44.8307953734	-44.3673668505	-41.7680776582	-16.1623442038	-38.9401397259	-34.4140413788
399353335_old.mp4	-15.9353593596	-4.6775311077	-52.2183871923	-45.1936019723	-43.737243152	-53.5308511352	-44.7501652492	-47.5448860027	-45.8619317325	-43.2482082726	-17.2834869873	-39.1500955256	-34.0096027214
431516578_old.mp4	-19.2555103335	-5.00865147472	-66.1422565698	-63.3543467449	-62.825133079	-65.2080840391	-61.4164523271	-64.2756916266	-63.0265759478	-59.2674698187	-21.605331096	-47.6772084088	-46.9991032965
328903993_old.mp4	-15.8123817742	-5.23931540267	-57.8185702857	-52.8984474383	-51.3318971403	-59.1316983334	-51.9619542129	-50.6411471279	-49.4343347317	-46.6224461848	-23.4014085397	-42.0107867718	-38.789309894
371894311_old.mp4	-14.1226258349	-1.34856857463	-63.9549335738	-58.5088967327	-57.9327633318	-63.3832778629	-57.1716577642	-55.0060758779	-53.1174016984	-49.2012817856	-18.7118914115	-47.5191054558	-42.8230150845
405560776_old.mp4	-13.3966167211	-4.63171641606	-42.5060179593	-35.8799979054	-34.6869862692	-40.0734102322	-31.5029001761	-30.0670985094	-29.4506664878	-25.8720580769	-17.3351279171	-26.0280018465	-13.9494205658
477647862_old.mp4	-7.97752444756	0.239083701068	-52.5276155012	-44.2387880914	-42.4844858069	-52.2708246367	-42.6278737133	-46.3693743699	-44.4712586339	-40.3783708962	-16.0324857896	-36.9815655178	-26.4353188583
526653214_old.mp4	-8.90516023215	5.21376498793	-42.2773061933	-31.6488079922	-30.3158038726	-42.7527706844	-32.0675146371	-34.3096031462	-31.8027675843	-28.8883695852	-21.3273394308	-29.1785895914	-22.1477887209
529499431_old.mp4	-12.296586349	3.19469776681	-48.2039065362	-41.2837562355	-40.2630355879	-49.3188434836	-41.5790370397	-43.5950838818	-41.4175646727	-36.5727320698	-15.9815336077	-37.7092042179	-29.2346691299
580508812_old.mp4	-7.14868596427	1.14669473194	-46.7702975918	-36.9398317777	-36.4603795167	-44.9299444813	-35.0851282009	-37.0406332055	-36.7744496441	-30.7378339519	-21.2674169188	-34.2361301458	-20.1988899248
518804294_old.mp4	-37.0371084108	-27.0952805432	-59.632214737	-55.2850058535	-54.4257707988	-53.0739188811	-46.7021031694	-53.2061741743	-52.932581991	-49.5815789602	-16.051888678	-43.9862111546	-31.5797290911
573347832_old.mp4	-18.3912156969	-13.2055028593	-35.392869366	-28.5689987783	-27.262071454	-29.5413818084	-20.0729296395	-28.715432884	-29.1925708562	-20.9633657847	-18.6431648728	-27.6814503566	-9.91455343161
619481491_old.mp4	-20.1767077224	-11.1410304551	-43.2087705696	-34.9382045153	-33.7732913381	-44.2183851605	-33.9990554429	-35.6961783343	-36.070812132	-29.9765805462	-21.3138295813	-31.4748030912	-17.0562899232
462706464_old.mp4	-29.0131329685	-14.9495551418	-63.9711656706	-57.1272477193	-56.0892528797	-64.2061760141	-56.6753565848	-57.5569286294	-55.2693126269	-52.9578603228	-27.2497867828	-49.0611887581	-41.58371804
408241470_old.mp4	-17.316732322	0.594331208552	-69.0387884774	-64.8126728883	-64.3175114811	-68.7157216003	-64.7455306833	-64.9699172629	-62.4926535174	-57.4848560269	-23.6013882648	-50.9761253158	-51.7691674454
544564132_old.mp4	-13.7163300949	-8.25278531554	-43.328945357	-38.0472148569	-36.7952582375	-37.0152612848	-30.2092418236	-29.8472875483	-30.6228078921	-27.3599427588	-22.3637913909	-35.4801981178	-17.5659799842
631858082_old.mp4	-16.8429789016	27.2736177694	-83.6180663497	-74.1713716879	-67.0117336037	-98.6971985097	-26.7639944157	-70.4232903768	-68.2632823996	-46.7949502372	-21.6123825251	-42.8134082078	-45.6227152689
559599141_old.mp4	-12.3027396446	1.10108012039	-47.7320293901	-39.9978861661	-38.3377625935	-48.0085197011	-38.6524365583	-43.1799586967	-41.1040500899	-37.4341455771	-16.7903134988	-36.1642065162	-30.221095109
402134623_old.mp4	1.72464871188	6.00089491085	-50.4824288369	-45.0052558222	-43.6147871141	-50.568449142	-44.0036773255	-37.9271303191	-35.8164493014	-32.4801280955	-9.00633698797	-24.838339967	-23.9757145423
552802455_old.mp4	-11.2384602465	-0.213853219643	-43.3774969525	-35.6532422401	-35.1701019053	-43.0568631255	-34.238529645	-41.9602008649	-40.7254840836	-35.0551531711	-18.8432403527	-33.1637782317	-22.1652608805
548571447_old.mp4	-10.7015326571	1.16949143133	-49.9949946271	-43.9579363999	-42.7771887424	-49.9746321142	-42.9599808181	-48.0308944771	-45.9735847714	-42.1798502829	-15.7461249228	-39.1746316504	-35.8945231668
409279508_old.mp4	-11.23198544	1.58603680471	-61.6073971986	-56.184828811	-55.4817270321	-62.083098375	-55.4986905241	-56.4226453404	-53.5949371775	-50.1166101355	-20.0819942952	-44.8857881948	-44.5361896279
368705245_old.mp4	-8.64451613499	3.06646698909	-41.661947051	-36.2421069038	-35.143272296	-40.9797277319	-33.9777101234	-32.5923421043	-31.6207117497	-27.9440580902	-17.9420419562	-30.6008374839	-21.1118346029
495723627_old.mp4	-10.8340428271	-3.67919371121	-39.8932799579	-32.9520266262	-32.2299418609	-40.3877749829	-32.8210434512	-31.6979430684	-31.5994863072	-25.3938854853	-19.5804999493	-31.2816368254	-22.327631609
391269500_old.mp4	-11.7359934478	-2.58941374125	-59.4265607907	-50.3971275017	-48.6277708527	-57.4713236376	-47.0339165104	-54.4583212914	-52.7861925984	-51.3447196787	-14.3413225715	-48.8676749921	-41.7023257304
371449484_old.mp4	-13.5503617503	-9.42743305764	-33.0964807435	-28.2799960284	-26.9705398752	-30.0812828827	-21.9615057014	-31.6979771999	-29.2455062693	-25.8283903578	-15.5029403287	-23.6460936472	-21.1182844885
465872783_old.mp4	-14.9643923964	-3.24597307697	-44.7904216951	-38.3148792858	-36.8280601501	-44.8540494997	-36.4836958332	-39.3880618277	-37.7855802738	-34.4613091314	-20.6480920135	-30.954075054	-27.3371080101
417627194_old.mp4	-6.61058023208	3.45104781766	-52.7324223528	-46.0581014419	-45.169415869	-51.961732812	-45.1996121185	-48.254581207	-46.7116068084	-42.8739905748	-17.5987070818	-40.4079722638	-34.6416572005
501689627_old.mp4	-19.8660698362	-11.4446226311	-60.1467714436	-51.743124955	-50.7740904937	-60.2524891915	-51.7316703805	-55.0251176747	-51.9342521323	-45.1016753266	-24.4329870065	-50.3365723169	-45.4421649619
328646216_old.mp4	-23.8047323221	-10.8421755827	-57.5531778276	-51.0580458676	-50.1551438395	-58.6959305443	-52.3663915623	-50.1728602077	-46.8945036105	-44.9963642781	-20.4610689034	-42.4626644587	-31.3349896068
518806681_old.mp4	-13.1965741585	-3.70214441401	-38.4817875552	-30.0198707811	-28.767862758	-37.6954771791	-28.274372174	-25.7222059496	-25.7926630214	-21.5826552881	-19.5705970015	-30.0286933015	-7.74815904808
630217362_old.mp4	-18.5455092612	-12.1619486768	-41.5298283201	-29.9127601675	-29.0475651115	-41.7824573353	-28.3840181846	-37.8497486453	-37.3923048542	-30.7638844309	-21.7428385637	-30.8311243463	-14.655372465
412677059_old.mp4	-11.4573828238	3.3388839004	-51.496010138	-44.6108830172	-43.097172883	-51.6197217515	-43.9832882386	-44.6737921005	-42.4926051408	-38.1586994864	-17.5941261471	-36.0126756305	-29.6732741506
639885982_old.mp4	-9.5749582153	-0.394148018887	-41.8468414716	-33.7546989408	-32.5783269715	-41.3045490702	-32.4477520196	-35.7658299085	-32.8499503188	-28.9896381959	-17.1780094932	-27.7469505926	-22.2432818558
574532803_old.mp4	-11.5100504568	5.41610133277	-62.6427373921	-54.1688614752	-53.6810508647	-61.6770745213	-53.0864060028	-53.6672772496	-51.0870922502	-46.7238795447	-21.0847896678	-48.1552350113	-40.1599607544
524913770_old.mp4	-20.6649493887	-9.15727757591	-57.5034680989	-49.8642358008	-48.6263958336	-57.6698274993	-48.9909676048	-54.0554963064	-51.6525076278	-48.3166181856	-18.305155455	-45.8237847253	-39.3060694711
407290400_old.mp4	-22.1385697385	-8.36384983112	-63.5968134697	-57.2550172008	-56.5143355759	-64.2261698826	-57.258859691	-58.7143572991	-56.7821510982	-52.3423592607	-24.1394265387	-46.8234541372	-43.0495963239
348404815_old.mp4	-17.0898230238	-6.49354914561	-45.7562091071	-37.3909480056	-36.1279705381	-45.7486781891	-36.5860600548	-36.929096719	-35.5232002143	-31.34470196	-22.3406237142	-32.9077822617	-23.6393821656
VID_20160720_134151.mp4	-13.2693140467	-6.70491785448	-54.5527334713	-49.354723751	-48.1302314639	-53.5107755587	-46.8010933461	-50.6117028167	-49.5926180067	-46.4145821139	-19.6793260701	-43.2237202409	-42.2318542263
626707122_old.mp4	-16.8203587054	-8.40762666791	-54.0241193843	-42.8844023206	-41.2775467972	-54.0698503023	-41.8448695382	-49.1222234693	-47.2480625002	-43.8033290398	-18.3828610203	-38.8357659189	-31.5586712854
559829338_old.mp4	-9.85758192382	-0.807200993291	-40.3688799	-31.1827862492	-29.9809904693	-38.735740808	-28.0506832571	-32.3288753154	-30.993292804	-26.1244449086	-18.0692324171	-33.0991795532	-19.2725597297
543500140_old.mp4	-15.989628614	-9.72250298408	-47.9154282445	-37.8530919551	-36.8281901639	-45.6638430261	-36.7411375233	-37.0480279445	-37.9634367798	-34.2980602112	-26.834053974	-36.0548530417	-18.4604554271
590546720_old.mp4	-28.0088013664	-20.3759016303	-63.3270153435	-56.0555554211	-55.3976023796	-63.2955800088	-56.3714685427	-62.9403163445	-61.1099971454	-57.6359942127	-26.0430722468	-45.6059878365	-41.7346586878
545583764_old.mp4	-14.3244784709	-5.0895526355	-54.7829001769	-48.4944080632	-47.6411929748	-54.6536001986	-48.2702685758	-51.624593658	-50.0719364053	-45.4607101703	-15.8454999464	-44.5434363072	-40.7728007452
582044238_old.mp4	-15.3244669825	-7.16461739818	-51.1931903008	-42.7276968326	-40.7564940669	-51.3774456494	-40.9600121622	-47.0778260908	-45.3708389451	-42.4185596552	-18.9847643704	-38.2127036075	-31.709116509
469051965_old.mp4	-17.8222756318	-7.05739439468	-46.3639558605	-39.6158140454	-37.8818132085	-46.4553108532	-37.3330150549	-42.1124771534	-40.3201602718	-36.3991117727	-18.2810164251	-31.7427480213	-23.1988432032
VID_20160708_095324.mp4	-6.58915816219	6.60392963653	-40.723121996	-33.6896655359	-32.7990747385	-39.1041670888	-30.7528248206	-26.5195018464	-24.9943992127	-21.7831104126	-19.80400085	-31.9722459455	-15.81046352
589885915_old.mp4	-7.56573999108	5.01689576159	-52.3349462214	-47.45078395	-46.5398429766	-52.5684649864	-47.0507953136	-45.9618335957	-43.8281254827	-41.2978740565	-15.3387154685	-40.1929552683	-36.7353723286
535539246_old.mp4	-15.3597543626	-0.286390667638	-53.9663546693	-45.2987171904	-44.5081348879	-54.1391138417	-44.5984170182	-52.1650726729	-49.5140480506	-45.1795097357	-19.5661679554	-43.5549342209	-33.2525537763
495335220_old.mp4	-3.04039354661	0.464154435182	-45.3854822215	-41.0874758585	-40.142814111	-44.1786295647	-38.7635435011	-40.9439192176	-40.4104513603	-37.5646018466	-18.6023097461	-38.3880164888	-32.3298766806
588542893_old.mp4	-9.63729097227	-3.63711199881	-44.7962597111	-37.7079717481	-36.5316556873	-41.3561393003	-33.2878673744	-30.935112521	-31.5076192448	-27.6289141218	-19.5486517649	-33.809774731	-18.8922017139
344216044_old.mp4	-23.9259235154	-14.4487986978	-55.3971805764	-49.1745885939	-48.4399499084	-55.2826857525	-48.5311437035	-49.88501996	-47.5329813141	-44.195585983	-16.1977695421	-34.1801051505	-31.5674952335
573903512_old.mp4	-18.3737539861	-12.1550691035	-44.0430593181	-37.8715179384	-36.8128653186	-42.8932601884	-34.3649848724	-42.2974812389	-40.9398594644	-35.9598648983	-21.6020311392	-35.2300826293	-24.8299208885
628516967_old.mp4	-14.5839216055	-3.448901773	-50.0064497151	-42.5478795988	-41.1239457105	-50.1141593477	-41.7338339132	-44.3499972252	-42.7664056412	-39.3583690786	-17.7753143978	-38.3924668	-32.6772127578
570220808_old.mp4	-9.27446016568	2.13490163347	-43.3687727432	-34.6883295148	-33.2609694591	-42.721069442	-31.8357688462	-36.4120554813	-34.2707737043	-28.3078318685	-16.96706536	-30.4891884666	-20.2228851389
552841398_old.mp4	-27.4885499282	-14.1654535406	-66.6706458893	-60.4342765791	-59.7129522424	-66.6260859277	-59.8986205923	-60.0717814511	-57.7527498116	-54.6380697974	-24.1112908096	-54.2081189703	-50.4075094429
425420496_old.mp4	-13.0127784392	-3.1182781445	-47.4295602793	-40.2623712832	-38.7502041258	-47.8227245121	-39.0973756051	-41.5613469442	-41.1063110254	-35.1810091262	-19.2417077484	-32.644515624	-22.0877190097
555252407_old.mp4	-43.3596690719	-41.7183007297	-50.4856564864	-44.4312914181	-44.0200309495	-49.7911287758	-43.6069964792	-46.6066529472	-43.2296276809	-37.2329368982	-23.8979260836	-16.3822610272	-14.2317135055
418496749_old.mp4	-10.5901664295	3.90968666125	-46.7494629824	-40.9124244476	-39.6020499695	-46.0507027706	-38.6121704994	-42.4666360959	-40.9616167211	-37.1865310405	-19.091153963	-36.0328144916	-30.4429313918
543499635_old.mp4	-11.0557954739	-3.67025261899	-47.2918052922	-41.0444654931	-40.0348692548	-44.4989775576	-37.5286876098	-38.5489927378	-38.18500879	-35.4673973287	-22.2882367752	-36.4889457969	-31.5500542083
469053867_old.mp4	-15.6750674124	3.39378554799	-50.1179035554	-43.064123804	-41.5935936324	-50.2245285673	-41.6023292514	-47.4885922145	-45.7891549907	-42.9349360372	-19.3139635558	-40.3224803737	-33.8577351474
VID_20160715_194255.mp4	-4.56579071316	1.54216926394	-48.4262231924	-44.8710431073	-43.8114046857	-47.5176919118	-42.7057489603	-45.7934779627	-44.4689727909	-42.5515900801	-15.8511741043	-38.7186772432	-36.1766278365
547133225_old.mp4	-12.2703719695	-4.28308930589	-49.7708955962	-39.3701763348	-36.3707231383	-49.5537936651	-32.2183348574	-46.2963015594	-45.0395343141	-41.8404645078	-19.6792221352	-36.8885084226	-30.9057145297
505770157_old.mp4	-12.7970645486	-1.88022802735	-48.0773532792	-39.5979954984	-38.3377713363	-48.7364433054	-39.873590377	-42.2199168381	-40.9218416497	-37.1683317117	-18.8525956243	-34.853474934	-28.5051875016
529661103_old.mp4	-24.3493199125	-5.71528759677	-60.1322609049	-53.6321781103	-53.0168676016	-61.31915876	-53.6530664331	-58.9184297383	-57.6768551331	-53.0790832184	-29.9384548255	-57.00896243	-51.6695089565
564336933_old.mp4	-17.7010066966	-8.63607128614	-37.2948044818	-29.0196224444	-28.1597037636	-36.1654656796	-26.8156407816	-31.760457335	-31.1136734124	-26.3644026143	-19.472339	-27.1845857162	-14.397967183
563587085_old.mp4	-34.2813244931	-27.542630019	-65.4636472277	-60.9326964107	-60.3770808523	-65.0550197281	-60.0099143127	-62.6764438224	-61.3295859072	-58.7314776016	-18.3056481257	-43.2640110916	-37.6156829779
359124590_old.mp4	-12.3158298761	-0.655412689718	-55.5740811985	-49.4405954409	-48.1378326537	-54.8490120571	-48.2320847438	-50.1495026951	-47.9422661033	-45.3328191924	-11.8611032587	-36.4348309336	-33.239797746
VID_20160722_142835.mp4	-21.180692392	-7.66365846365	-56.8575075374	-48.8813422535	-48.4158614763	-57.3521377204	-49.3767666892	-52.9086917948	-51.0211141729	-46.2634492373	-28.3131088801	-46.9262797632	-39.4376226726
403508241_old.mp4	-25.228421422	-16.653794248	-58.7301032561	-52.3302412407	-51.2347928967	-58.6045209867	-51.0941693952	-52.2727392373	-50.2321151681	-47.3506763654	-13.6490689685	-35.8253722817	-29.7175422526
380455893_old.mp4	-20.2918840988	-10.5395593187	-55.9981128203	-50.5735531808	-50.0777331977	-54.3966552061	-47.7626628852	-53.1215453805	-52.7713909718	-47.92476996	-22.7197446772	-47.230690183	-33.5655894219
553482986_old.mp4	-11.2882637623	0.468308862911	-51.7761860982	-46.0989485983	-45.0425615583	-51.7576858108	-44.8555323544	-47.2333521718	-45.7779868886	-42.9171340035	-18.8259859484	-41.8286781135	-36.7010500441
407244002_old.mp4	-18.6801506595	-3.51694762637	-66.356777621	-60.0402501593	-59.6832886596	-69.1357533226	-63.3388794883	-64.048520616	-60.6757858324	-52.4977394799	-25.9439692691	-44.5098365161	-51.9565936765
601955001_old.mp4	-15.0672288881	-3.3735209278	-43.0125210396	-35.7335223795	-34.3972093261	-43.3148321514	-34.9974819349	-41.3229992996	-39.4617663726	-34.2689152044	-21.429252304	-32.7799605879	-25.6219770551
506145092_old.mp4	-12.455715854	2.03042628613	-52.6321311535	-46.0416773202	-45.0571617326	-52.8107927787	-45.8209970247	-50.2237746141	-48.2187570881	-44.0626846948	-16.3369044815	-43.6974569235	-39.9522838293
570133587_old.mp4	-15.4055679543	-4.02759117003	-47.8698736069	-39.6918777593	-38.9045151994	-48.4740441773	-38.8589630834	-42.3207892944	-40.601259523	-34.6056587041	-21.9689261557	-34.6910547249	-17.5361423726
436258524_old.mp4	-24.4655082453	-16.8580569329	-58.2371781518	-51.7064116938	-50.9636494338	-58.7359817935	-49.7759987244	-50.9767146484	-47.9553537575	-45.3916654315	-17.6968870426	-42.2393361738	-38.506159261
555410317_old.mp4	-11.9245984109	0.952371709465	-53.1602496179	-48.922735368	-47.4009212182	-53.0145845119	-46.9620160758	-49.9596532727	-48.9637439774	-46.9863508533	-17.7136630153	-43.4889412793	-39.6438936998
557155111_old.mp4	-14.7410734646	1.50570303561	-50.8503215778	-44.1229878752	-43.159349008	-50.1228918415	-42.2789279416	-48.3870483129	-47.1542315979	-40.7698031386	-21.6907773749	-40.4811763649	-27.4540194789
408248252_old.mp4	-14.6298760144	-7.29785664628	-68.9867381294	-63.7340467867	-62.6516603582	-68.3838110112	-62.4266368298	-64.2800060861	-62.7824567005	-59.6079206763	-19.6788439407	-45.1810096055	-43.7854652387
392130307_old.mp4	-15.832449914	-8.27637186333	-56.9603307664	-52.6788374207	-51.4890949357	-55.0341817545	-49.0970556803	-53.724020488	-52.7833629454	-50.063088579	-17.7216529856	-43.9654072559	-41.2880587558
583934377_old.mp4	-17.9367243488	-5.66122960269	-52.3143115293	-44.8379441605	-43.6722803625	-52.6630110181	-43.9191609636	-44.3559762874	-42.2977683967	-39.4885830773	-15.7135346311	-33.5501337999	-26.4528339572
634215543_old.mp4	-14.8293562631	-12.3611528609	-29.6475158696	-21.2140581061	-19.9516936702	-26.2156847785	-16.0519468323	-4.85466474738	-8.65225267139	0.182901804598	-22.8571460739	-25.9722588035	8.68978555143
550395035_old.mp4	-10.588946306	-0.0635899347997	-49.9103807517	-42.5104336761	-41.3407229096	-49.3606575631	-40.5955723949	-45.654761427	-44.1664243495	-40.3250009774	-15.6876250719	-33.6904863657	-27.53916539
526769494_old.mp4	-15.1132105551	-1.50883503463	-51.2230888528	-40.1605685637	-39.6259746317	-49.5820568861	-40.0921031392	-40.2206463068	-38.3280092387	-33.4035887577	-22.5757291949	-40.0114966214	-24.644800765
633164147_old.mp4	-15.4523199742	-0.0600348904192	-54.7568169826	-47.3033100962	-46.5266225474	-54.3449724664	-46.345709038	-49.7957322453	-47.3613717677	-42.6420893765	-19.9493608573	-44.0823566382	-36.4736629694
543158963_old.mp4	-11.9762153458	-4.01749992909	-47.6106723929	-41.9108282488	-40.9765725865	-46.2877208231	-39.7148327723	-43.2767516856	-42.6230104449	-39.2652231946	-20.97420803	-40.0760095776	-35.4274648128
633504840_old.mp4	-22.8780451022	-12.6433996472	-57.2656481351	-50.8628331153	-50.6305360564	-58.5404138802	-51.4433572739	-54.4519834936	-51.1620083302	-49.2285001922	-19.8403858672	-46.4934251302	-38.6728211325
425421220_old.mp4	-10.3055411093	-1.56691035119	-42.7287225895	-34.7910597143	-33.4718965904	-43.0018432667	-33.218950005	-40.6771143506	-39.4781895734	-34.5907279302	-17.5127121986	-28.8405623604	-21.3561013379
406050626_old.mp4	-18.4561492325	-7.84401658953	-60.8057460228	-55.9216800267	-55.0418685081	-60.7985017124	-55.1882433516	-55.6257964993	-53.5729316862	-50.0948911019	-22.0417641137	-47.5258652569	-42.0169838788
553070632_old.mp4	-11.2309279997	-4.75185393892	-51.937339691	-45.9093632258	-44.6518154633	-51.7399988672	-45.167617318	-46.9952924015	-45.3540367508	-42.0272715938	-15.7157398297	-39.7300644214	-32.7013242463
516769805_old.mp4	-17.4709138937	-10.7098025412	-50.1262162997	-43.7550826144	-42.6729907297	-51.0485732171	-44.100434127	-43.9921667856	-42.0361451693	-38.2757909429	-21.5575749361	-34.9782215611	-28.1158475059
467272754_old.mp4	-15.1964985385	-6.89666780849	-50.7356110339	-43.8275081381	-42.1667244842	-51.0217126894	-42.96429306	-46.698539982	-45.3117543772	-42.3546983303	-20.9074244088	-38.7989416908	-30.3303000947
409212030_old.mp4	-21.0667500058	-12.0674451029	-71.213010283	-65.5599694084	-64.6778784375	-70.3259952098	-63.4595242979	-67.0273784605	-65.3085729586	-59.8342912834	-24.0154059797	-47.5060060642	-51.0509698937
425432468_old.mp4	-16.6598927965	-5.21604247244	-52.6225743019	-43.8474699614	-42.9235631503	-51.9491721792	-42.5122139942	-48.1703606261	-45.9419809667	-42.0582082308	-19.4094207708	-41.3519054669	-28.3528369167
613501533_old.mp4	-13.886526824	1.82729318273	-45.1517052026	-37.1015662145	-35.8285534035	-44.7681201655	-35.7434572419	-33.7000009709	-32.743850524	-28.8972663483	-19.7112360365	-38.630297974	-23.2312644391
642054048_old.mp4	-18.4681683523	-14.5657169644	-46.9292420808	-39.3099567436	-38.1198110305	-45.1760594981	-35.8139531216	-42.8673306768	-42.7137870587	-37.3400784704	-27.3394983729	-40.1197395464	-22.29501664
369534788_old.mp4	-17.7791623054	-7.14628600098	-56.9262705021	-49.9437675138	-49.198668601	-58.8612920807	-50.6128228697	-50.2535940274	-48.2426995076	-42.6745206329	-25.531595688	-48.0061975227	-41.4437492802
411100207_old.mp4	-9.52532731701	2.17829195794	-40.631020194	-33.6656721696	-32.2324558026	-39.6200946482	-30.9242207298	-36.7255326259	-34.9828039341	-31.3432520152	-16.6223319267	-29.3451646082	-23.3023257454
406989920_old.mp4	-8.74505256474	-0.58224667233	-56.2798988418	-49.3416769984	-48.0191172929	-55.9937528708	-48.5098379322	-55.2779873528	-54.0769364025	-51.0962493552	-18.0785244102	-48.4184611989	-41.82141507
506139782_old.mp4	-9.16260963641	2.43966872318	-57.4918955485	-50.7109601299	-49.8067464021	-57.4333143886	-50.4775560717	-53.9704447249	-52.2325188249	-47.0538002075	-15.6674794375	-47.468728458	-43.8986206482
VID_20160327_161228.mp4	-15.2278368662	-7.43739110713	-36.1996098371	-29.8394442852	-28.7709072365	-33.7322680727	-26.314846424	-38.3474017072	-37.7492642703	-33.9055127991	-22.5178157534	-32.9793667801	-22.3323377887
361885800_old.mp4	-15.1542080712	6.13405831476	-56.0948887228	-48.9850326992	-47.9666203843	-55.5300326995	-47.8484562198	-46.9877220003	-45.3514097581	-41.0191658002	-19.0636439413	-41.2209841525	-30.6559258141
481580377_old.mp4	-16.3009902612	-6.65290846571	-53.4803642813	-43.9415002173	-42.8791679328	-51.8126392284	-40.6909103961	-51.2527023536	-49.3323842611	-46.5402796944	-20.793166098	-42.1815683575	-33.0729851915
406044533_old.mp4	-14.1088031323	0.365746821724	-66.7092957389	-61.2473182411	-60.3610436007	-67.0187429228	-60.6450697262	-62.4404001133	-60.2241397967	-55.6317724639	-24.8431747528	-54.1009993312	-48.8182755818
VID_20160320_134608.mp4	-7.9296316214	0.21574641665	-40.6682012444	-32.8058728645	-31.7129978362	-39.8021335866	-30.5460486845	-38.1032684192	-36.6674994849	-33.7954688645	-20.4502638375	-33.4140516899	-27.3028908096
540633833_old.mp4	-14.7243576883	1.92174436537	-55.691208946	-47.9829005823	-46.9271501213	-56.4722821632	-47.565385448	-51.7811963031	-49.6804742673	-44.7467666626	-21.9139418923	-47.6480998229	-40.2888024566
425489087_old.mp4	-18.7358226288	-7.575407459	-55.004847366	-50.6459093772	-49.7091054334	-54.8321914233	-49.462078627	-50.9937795104	-49.7112924533	-45.4218942118	-24.0452648617	-44.6496189791	-38.6044902143
370577018_old.mp4	-16.0405651593	-2.22263738891	-44.4888653365	-36.7111141334	-35.4995370337	-44.7222437035	-35.6931441401	-40.7462495527	-38.505765911	-34.0082602053	-21.1297356711	-33.635960644	-24.7804874568
514519202_old.mp4	-24.4685747936	-9.60016821003	-58.7200966624	-53.6229724144	-53.1574734105	-58.9289387817	-53.3117293778	-54.5559222308	-52.2661303115	-49.8460432532	-19.0569230469	-47.8876064015	-41.6682234689
422113194_old.mp4	-22.9929514784	-4.9367890094	-73.3366469147	-67.673598723	-66.9841752902	-73.1451277597	-66.8815242383	-70.1566102606	-68.5466840714	-64.5881700123	-26.859499837	-58.7301925869	-44.985286068
369562698_old.mp4	-17.9941449546	-9.19036824778	-46.0927333912	-36.9747730021	-35.3644557455	-44.1311786913	-32.7575094369	-40.4487225116	-39.1793049242	-34.3886802443	-16.1158386276	-27.9270477372	-20.678473902
512380730_old.mp4	-14.6380514492	-3.02369202714	-46.2404130291	-39.6508774093	-37.7067362624	-45.0723162306	-35.8127185214	-42.2407602854	-40.5867385811	-36.9555836599	-19.2027308622	-34.0031160329	-26.6074657908
602936084_old.mp4	-12.2485759081	-6.84872752108	-33.8479042207	-26.4387092474	-25.2983414273	-30.3790348833	-21.9112668115	-31.3079102329	-30.9471006278	-27.5047583265	-19.5766514277	-27.7284560022	-14.5492220986
409155050_old.mp4	-39.9042311953	-27.5751681854	-75.3439962608	-69.7457880462	-69.1975054451	-75.461789179	-69.2960577636	-72.2103901256	-70.4712453818	-67.0627357565	-34.0315328919	-61.8081306706	-58.3311294596
399502311_old.mp4	-14.3895627367	-2.20776842348	-42.3966621654	-34.6386356789	-33.6174453551	-42.4555782714	-33.2644981651	-33.2560530851	-31.7624855313	-28.6347013654	-18.2031259093	-31.5643219148	-17.8947161076
409859000_old.mp4	-17.2832556013	-6.25178161289	-62.2952054248	-56.8660546084	-56.2662495234	-62.6121448871	-56.9025928868	-57.4675941768	-55.0420253876	-51.2544548727	-23.8710890625	-44.6022493615	-43.2398492207
546434776_old.mp4	-12.094164219	0.802244883723	-52.2476356627	-43.7798974556	-41.9166080501	-53.0062285466	-42.591013728	-44.8132640628	-42.9652701064	-40.2186106032	-17.3249119637	-36.0117103999	-29.2047047493
527166522_old.mp4	-15.74084719	-7.67977975121	-51.386629088	-42.4395257962	-41.0773588465	-51.8856004144	-42.0165578267	-46.7233284135	-44.9266430946	-41.2418398483	-18.7136349104	-36.6067234484	-30.0597364536
397972425_old.mp4	-19.006074371	-8.10029752755	-56.0776114869	-49.4784398043	-48.7208100742	-56.8087184451	-50.3519831285	-53.656753561	-51.7737372948	-47.2575953236	-21.649320148	-43.4953387335	-32.4147914077
419763750_old.mp4	-10.0487233727	2.45074774715	-42.9870256137	-36.3940128614	-34.7886152895	-43.0400665884	-34.6169984335	-38.2068309505	-36.5456079963	-31.8940136872	-18.5176765528	-31.3997588191	-24.8736739605
448634909_old.mp4	-10.8230227354	-0.806173355102	-54.0319437641	-44.8430148736	-43.5656118538	-53.3638293314	-44.6482422074	-49.7944013081	-48.0217070476	-43.8651776818	-15.3922749819	-43.5401507952	-38.3131206772
VID_20160801_115407.mp4	-25.2456931848	-9.31005758352	-58.9494131286	-54.2605768153	-53.1462869346	-58.8104622196	-52.4115461668	-53.8122558995	-53.1884930673	-49.9248172879	-25.5063371413	-47.766107324	-40.4221760852
482295561_old.mp4	11.218262057	16.7593563114	-50.3300042907	-37.728962424	-35.2574705581	-49.2804423173	-37.0370946103	-47.8968331299	-46.4599554785	-42.4099700508	-15.2070562435	-39.7339165416	-26.4989396469
589049835_old.mp4	-17.5693826645	-9.83917840677	-56.9211295655	-49.3230691681	-48.5857661357	-56.8667520651	-48.9134689127	-52.4824428313	-50.5654395875	-45.5517447319	-19.9885680246	-46.3829232718	-40.5464689711
619526778_old.mp4	-12.0887851198	-4.42519058408	-48.7751418448	-41.6164982742	-40.8884659761	-47.9428735237	-39.8049006814	-46.6584636684	-45.1626891042	-38.4549768787	-18.8633035397	-33.5371700876	-23.4848433925
424417433_old.mp4	-13.4264582912	6.8328170757	-49.652681552	-39.608658866	-38.5689240923	-48.7824387582	-38.6308373194	-44.9828226889	-42.8727508518	-40.2258432762	-23.7820051463	-40.3308838309	-33.7312109338
558978468_old.mp4	-11.8236847688	7.12454582305	-58.9191442268	-53.3438675581	-52.1597068651	-59.5201188485	-52.8591027442	-52.7893405205	-51.3156101055	-47.3532649581	-20.9487601886	-49.6199822274	-44.6036481092
498201057_old.mp4	-85.4003182294	-82.6554328019	-95.7089025917	-78.852423048	-78.7220071066	-24.9134422717	-82.3024606697	-80.4685479456	-78.5306370365	-75.4964302254	-28.9285442748	-52.6132549082	-52.1275789392
VID_20160110_114231.mp4	-0.505951100725	9.2850903111	-38.5387488687	-30.5066015855	-29.5998726951	-38.8883319354	-29.5408654885	-36.0957110583	-33.5679017727	-30.3560302683	-20.0352551631	-28.3879934504	-22.216222573
345910913_old.mp4	-20.5053609134	-8.11975922707	-58.8405425606	-54.2291544159	-53.200020203	-58.2402123923	-51.8485241669	-55.2880605935	-54.1211641256	-51.8643443916	-22.4542445694	-48.4458093526	-42.8974636202
409272834_old.mp4	-16.4510552329	-3.9090689589	-67.0905542613	-60.509409801	-59.4058328712	-68.0184747688	-62.2148594067	-62.2140158444	-59.2868568262	-55.3877919445	-23.8575636823	-44.2632795622	-48.4889588612
476028078_old.mp4	-9.71184741304	0.34587301866	-51.4906594838	-36.5273669988	-35.3279802285	-50.3939085173	-34.1627820464	-49.106383432	-47.3963194893	-43.9250472323	-18.114523441	-44.1297428263	-35.4773620316
409097196_old.mp4	-16.6988291796	-8.68678284531	-70.2721077143	-66.4037150007	-65.4653249687	-69.822367704	-65.489483326	-66.8528985745	-64.4918779614	-60.7981139998	-21.9350370526	-51.7818421507	-52.3834477958
497715366_old.mp4	-8.84372799907	-6.5262674675	-31.7286541859	-25.2479263422	-23.7929714753	-26.6520094111	-17.0896635112	-21.2493426674	-23.3695596368	-19.783653149	-18.0300179109	-24.0949443918	-5.20849162337
482713873_old.mp4	11.3530396721	18.2390190256	-48.0352871073	-31.0123359485	-28.7901599209	-48.3370202621	-33.8767690448	-47.5598820336	-45.7855445235	-41.7609789779	-14.4572912974	-40.4861748445	-20.6252849268
412468317_old.mp4	-15.824164271	-3.19944263237	-45.4994386898	-38.1682349099	-36.8621013181	-46.5805593521	-37.8815912635	-45.0113218844	-42.7392622594	-38.4067484873	-19.7314059964	-36.6165132035	-28.2663192873
626659876_old.mp4	-20.3339867746	-14.9753552931	-58.0616056273	-51.5520998296	-50.4043253228	-57.2306539299	-50.202607991	-54.6824937339	-52.8914357361	-47.1010779648	-17.3134365093	-42.4457560855	-38.0718085191
409201858_old.mp4	-16.5912630353	-6.12087848599	-51.9874372678	-46.0340422193	-44.6461632606	-51.1458537203	-43.3411281008	-51.7256759262	-50.1150478579	-46.6770207978	-20.4285296071	-45.0868397949	-40.7803789624
643150319_old.mp4	-15.6836175319	-8.39177421569	-44.1991349612	-36.8094321466	-35.7395749526	-42.7877343585	-34.6912131859	-41.1389052121	-40.5334748405	-35.9772821067	-19.216042437	-35.9035167992	-23.4779057106
391384296_old.mp4	-24.6793217027	-17.1081543941	-52.7103719236	-44.4954451919	-43.9358406324	-51.4672393609	-43.0038729063	-45.6820648094	-43.618494209	-41.0877151743	-17.6075850799	-26.4635102004	-15.9096449049
527323945_old.mp4	-12.8548721872	-4.35692809126	-46.9581949902	-37.2406233992	-36.0986092399	-46.989487662	-35.9325871621	-42.3423350008	-40.9674367783	-37.9701868979	-18.2570323689	-34.4125248158	-28.5823633505
410079619_old.mp4	-11.1685531239	-1.20288082255	-49.3581157787	-41.872258668	-41.0211288245	-46.572597527	-38.5728830609	-44.466967732	-42.820664029	-39.0760764832	-15.9292908203	-41.8806089715	-34.4759145992
VID_20160429_093924.mp4	-10.8151414386	-1.65718669738	-37.8234007418	-30.8430041791	-29.7576478242	-38.0429850256	-29.8943359403	-35.4415909481	-33.7174636695	-29.0780926785	-20.6002116167	-28.4743090616	-19.6671309148
403498146_old.mp4	-22.4855835893	-14.959720523	-57.1556261907	-50.7206195415	-49.8582571362	-55.5393450801	-47.9502317509	-51.5893152376	-49.0982756344	-48.1650584245	-13.1970795897	-33.7313287791	-29.2302043589
431602348_old.mp4	-11.1290716676	0.761697778114	-44.5204920465	-38.3616229813	-36.4548592897	-44.0558776803	-35.6144355981	-39.6515952315	-38.3486952937	-35.4079206962	-18.7441968402	-32.9318175587	-26.6742140073
480671223_old.mp4	-8.35088964741	-0.0577909914119	-48.1876685639	-41.4038301308	-40.1197005872	-48.2722532959	-40.2340022986	-44.0642736327	-41.8050308432	-36.8585657985	-16.7230606621	-33.139083583	-31.0393873061
512790190_old.mp4	-9.95682529259	-1.94017112059	-43.3663299896	-37.1470129702	-35.5352904726	-43.1345171557	-35.4126415516	-39.1576921992	-37.6366798078	-35.5847358754	-19.0831059787	-29.4373180102	-28.8206117801
482714293_old.mp4	-13.0985272103	-0.657430937347	-47.512342969	-40.7137974701	-39.3260742378	-47.1437385056	-38.3339762533	-44.9054936159	-43.2820275508	-39.2561642158	-17.2975047915	-36.8383515564	-29.5111192562
358717984_old.mp4	-15.2923868028	2.8583048908	-54.2828138133	-46.3962850068	-45.5736452894	-53.3893958992	-45.7220121661	-47.2528393406	-46.5109463398	-39.890913482	-22.5263907943	-43.5690128596	-29.4938609828
356542441_old.mp4	-19.8536610685	-6.24772186152	-50.254088226	-43.6211286121	-42.5282863681	-50.1816393696	-42.9527431923	-46.9243800077	-45.3601067062	-41.5752257221	-22.2165995976	-41.3224316507	-34.4057675206
540383076_old.mp4	-17.0447126655	-4.1548546718	-59.1428077056	-54.0081301639	-52.7891170458	-59.4715524123	-52.6793732434	-54.6618785094	-53.3126112712	-50.01995545	-22.9935201878	-48.5578230923	-44.2009754442
418076815_old.mp4	-19.614903128	-4.38826673149	-50.2225082417	-42.7880177347	-41.9142342058	-48.8925483195	-40.3080518911	-47.5608457616	-46.1023803199	-42.0817983803	-18.2952501478	-36.3779579314	-25.222400362
415084503_old.mp4	-14.9296059553	-10.2451035939	-60.420981607	-45.4043812453	-44.3397934124	-54.7740236713	-37.4641785816	-53.5082241061	-50.0114243336	-44.2344519898	5.74258513697	-17.9096269437	-12.5775299774
370501994_old.mp4	-8.96927130328	-0.455379707909	-46.6787995497	-40.081948997	-38.5937362737	-46.5884349548	-38.9795405175	-43.0210783427	-40.5133431312	-36.1359727244	-18.234205604	-32.80665701	-27.5896937188
409804033_old.mp4	-18.5605611169	-5.10932782335	-67.3835637683	-62.5582800111	-61.8799567705	-67.9879224589	-62.4829314344	-62.0845768558	-59.7041418195	-57.1651433926	-19.3536371471	-52.9912427316	-52.7036062798
465718032_old.mp4	-11.2081862015	-3.17447823461	-47.3800857122	-40.834813956	-38.9809641599	-46.8116295151	-38.5570769877	-43.6529943361	-42.1795261386	-39.456582792	-17.6943071502	-35.4377159051	-28.4816716345
VID_20160316_202252.mp4	-15.3557735726	-2.05147524255	-52.8831051807	-47.0467858455	-46.0814598586	-52.9351678115	-46.1277547278	-46.5690652861	-44.6205788411	-41.6941442258	-21.8522219685	-41.3791559351	-35.4808648163
369791432_old.mp4	-13.9622380837	-4.59194689555	-41.9880901978	-34.2474436198	-33.0141103897	-41.3348553946	-32.2580144974	-44.2773158103	-41.4425193272	-35.5487599738	-19.5755687762	-29.9600296039	-22.5816666569
615718380_old.mp4	-11.5620872565	-2.1701309113	-46.1784716871	-36.9064014423	-35.6386522504	-45.7578441213	-35.423941603	-42.1880456324	-39.8464808649	-34.3965001508	-17.7367742348	-33.6818455752	-23.9089868883
406997311_old.mp4	-3.4081041737	5.23543723	-59.6386337978	-53.6126402791	-52.4706595297	-59.2485598475	-52.8501674308	-56.5242858882	-55.3951311375	-52.3937487721	-19.3516330001	-50.9958434276	-46.2668374589
527147408_old.mp4	-15.8073960152	1.77333245265	-56.537895031	-49.4570504072	-48.3936731342	-56.697313788	-49.0300379818	-51.3547343137	-49.2320929277	-45.7315587085	-20.8794928611	-45.1935357608	-40.0264539079
380506614_old.mp4	-16.844071104	-9.05928291291	-59.5415470703	-52.432754594	-52.0373158424	-58.2577006357	-50.4308903264	-57.027317647	-54.8957809024	-49.2034003133	-25.5643848432	-45.0496812111	-28.7613076933
337964089_old.mp4	-12.2082612416	-6.75846811738	-38.8999507102	-31.9655528008	-31.3221987986	-37.026115033	-29.1530088044	-29.9412031784	-26.4398868406	-20.4159365525	-19.347322092	-31.1692853064	-16.763970478
523476808_old.mp4	-29.4666607493	-20.084537138	-77.7454875478	-66.9970361525	-65.3688716817	-58.9675580285	-59.1583930515	-70.6654764081	-68.2793248865	-58.7361455064	-14.0564494709	-52.6057821967	-46.7396076422
334449090_old.mp4	-10.587567029	-4.43372485999	-51.8648319726	-47.0846525993	-45.9688913794	-51.999460229	-45.7091006643	-43.4305574659	-41.6645370208	-38.5535259017	-13.3985793326	-32.2255140146	-29.924762914
589014213_old.mp4	-15.1787761198	-4.90436457553	-48.9611682867	-41.1033193617	-39.7461016969	-48.808247761	-39.6564205063	-40.8862158349	-38.6740875457	-34.1903076158	-21.3377402342	-34.7561918938	-29.9052057011
431598674_old.mp4	-17.232283803	-5.12127728552	-49.7214576316	-42.3605542966	-41.3439785141	-49.2537600465	-40.8343155881	-46.9117250646	-44.6753566754	-40.2333167765	-18.8711829766	-38.3020931861	-30.4246431242
370077987_old.mp4	-14.9002215263	-4.80902631134	-44.440813403	-37.7930196446	-35.9130379419	-43.9087770366	-35.4671563829	-40.6885298649	-38.8730140266	-35.3578118831	-21.7428202094	-30.9080769609	-25.5758270619
519086073_old.mp4	-14.342128813	-1.20308416116	-58.1768240736	-52.6525346897	-51.456722932	-57.8292032208	-51.1620529372	-52.9667583163	-51.5923796431	-48.4077401697	-21.9754198883	-47.8985596702	-42.0106935988
408356380_old.mp4	-20.7496151111	-5.90493194121	-72.8303496481	-65.8695750958	-66.2561222666	-74.825426229	-67.9594654185	-71.4529128594	-67.7435019415	-60.7572085463	-28.1414938581	-58.3157318332	-61.4460102015
512089056_old.mp4	-24.986914358	-9.08359843364	-64.6679039343	-61.0241781167	-60.3318978506	-64.6862392945	-59.9971491936	-61.0105419365	-59.5703803618	-56.6352539648	-26.4142549478	-54.8021425644	-51.2376597572
551532341_old.mp4	-6.64000152776	-1.55393514514	-42.3137636761	-35.2810576931	-34.0797666734	-39.7415303431	-32.0067515476	-29.6224508723	-28.813223457	-25.9270286098	-15.0687730183	-31.9058531645	-17.8867515792
626153833_old.mp4	-29.5160920421	-23.5074514181	-59.8147017827	-48.9760838634	-47.8773983893	-59.2769994535	-46.4983705731	-57.8920149404	-55.0739924653	-49.8962337647	-19.6260709818	-45.6279696199	-40.3708905518
503723478_old.mp4	-13.1839490127	-3.85209179449	-45.3135010433	-39.5612599339	-38.151426533	-45.1772015507	-38.249486204	-40.6917252629	-39.205606783	-35.5841689896	-19.9639804579	-35.6277112059	-28.6126085721
519939047_old.mp4	-15.3363985973	-5.55523246699	-39.4513100536	-31.2245887833	-30.2194951502	-38.3043619997	-29.0890231437	-25.1075655539	-25.749844473	-16.848281615	-22.0159892118	-35.0132829684	-16.0421757194
573761141_old.mp4	-12.6339569689	1.68845330368	-47.3440767634	-39.0126085899	-38.0040580116	-47.2705133233	-37.9451759147	-41.5219952663	-38.4486537421	-34.4284939994	-17.1569317802	-30.7820222473	-24.781428469
528665861_old.mp4	-10.2457161771	2.08449244207	-37.7056573918	-30.5905009687	-28.930626858	-37.7491784626	-29.0662021391	-34.6427229955	-32.8343348296	-28.9637638772	-19.5855168403	-28.7918413378	-22.4854130675
381987280_old.mp4	-15.0933171886	-5.56794324631	-50.210141143	-43.6011941054	-42.4748801316	-50.1820256786	-42.5934104176	-49.1324112799	-47.3414967624	-44.9964281235	-22.8720086215	-43.1027083364	-32.3699132416
590867884_old.mp4	-23.1836990803	-17.5893769867	-48.1233104549	-40.3079835576	-39.5524079429	-47.2182086085	-38.7928390164	-47.6852180887	-46.4182025609	-42.1798365569	-26.1358194451	-36.9354360156	-18.8450734589
567053602_old.mp4	-6.63355250637	1.25279937406	-54.7827378283	-44.5887120235	-43.1023085088	-54.7025326612	-43.5198491898	-48.4071216796	-46.5760277008	-43.4623304581	-17.5064991612	-36.4291621427	-28.1915091677
406998524_old.mp4	-23.7701111935	-8.80370650941	-69.7840619696	-65.0925468865	-64.4233136696	-71.7784322258	-66.8525420656	-68.1417320441	-64.3966165911	-58.7310632513	-24.4885799772	-46.5366659493	-55.7501271531
529732273_old.mp4	-8.39131001478	-1.58330993314	-28.3182583042	-19.7668158013	-17.8671577682	-28.6544272866	-18.2229773958	-32.1630661412	-27.9965383267	-22.9901082432	-18.4541802924	-17.8146659906	-12.9206398674
391164745_old.mp4	-18.4355403637	-1.30787857584	-61.5528717049	-57.2201674325	-56.1860152351	-60.948752658	-55.8168144983	-56.2322627397	-54.4431440974	-52.0006076608	-21.155249155	-51.3805881496	-46.4946013174
VID_20160805_163305.mp4	-9.12595912773	2.25427987015	-41.0556755934	-35.4016969303	-34.3451167935	-38.9047667673	-31.7997019753	-38.1436317305	-37.0123111912	-32.4257233072	-15.2376689204	-37.6304101241	-33.0140936739
408243469_old.mp4	-15.4586745837	3.72450179952	-70.8047738118	-66.8373609752	-66.3620657386	-71.9356722031	-68.0961954898	-68.1837101896	-64.8860756483	-59.9258402727	-20.2871862051	-49.2974559229	-54.8207745528
607606389_old.mp4	-24.5731239453	-19.5295423128	-62.5594677847	-59.3402813741	-59.2814325597	-63.2535001571	-58.4379685511	-62.9859731276	-56.0823529385	-52.7660112706	-29.3908774188	-54.9822880655	-50.0133434577
573911023_old.mp4	-14.6119674051	-6.76777883082	-40.8720448469	-35.0368068006	-33.7667170114	-38.4496748777	-30.7185928745	-40.1008076431	-38.9381719524	-32.7809501894	-19.1028787052	-29.9955263985	-21.8285551099
482301332_old.mp4	-17.597576412	-8.17394023777	-52.5123091966	-44.6255947686	-42.7119510829	-53.0884080831	-43.1467512679	-47.8015710133	-46.0626080392	-42.6224876389	-18.8130677289	-38.7146402333	-30.4580283428
468687740_old.mp4	-21.4052613317	-9.15422291724	-62.593905643	-58.350699436	-57.4872437471	-62.8504389776	-58.108064323	-56.5302164469	-54.7776860902	-51.943023816	-18.8852368612	-49.400166525	-44.4142853405
636598755_old.mp4	-21.6977981438	-9.27884441553	-55.8419853897	-50.0201490992	-49.4953815807	-55.8643301278	-49.3443770635	-51.8762531799	-49.6313650194	-47.3457498891	-19.1191112916	-44.7185701701	-35.7541243864
636368326_old.mp4	-6.86349950643	11.7752134914	-40.1986385315	-29.6171465376	-28.7915688331	-39.7897914586	-29.3106292214	-30.7733403294	-28.9273702012	-26.4339133835	-18.5030010455	-30.6723309624	-19.925504899
362439656_old.mp4	-14.3848979433	7.7878083653	-48.3440796287	-40.9898165166	-39.9540487189	-48.724262758	-40.4159669152	-42.2880067638	-40.1887133616	-35.7649469226	-17.9228150887	-40.6406484338	-30.6368287925
418479767_old.mp4	-23.0473323629	-7.84640428962	-59.3652197148	-51.4934628838	-50.6134592934	-60.2259817978	-52.1298650107	-54.3395857859	-52.1736727927	-48.6981328909	-19.8473120463	-46.5647667583	-36.1077562151
495808893_old.mp4	-11.3579405487	-4.14860357997	-47.0409272435	-39.6632054719	-38.0031022968	-46.587150972	-37.9402348167	-43.0707504579	-41.5494076551	-38.9838523264	-15.3855823026	-33.1999778603	-25.8757430531
397931490_old.mp4	-7.25416793505	14.2218064138	-46.705423248	-40.9038216038	-39.7719837042	-47.2738432762	-39.58366052	-41.2178175603	-39.6920865877	-37.7855592005	-22.3236274521	-39.2793756257	-30.5152198297
381461751_old.mp4	-17.1416476805	-6.2215274285	-60.9472324982	-56.6282521092	-55.484426887	-62.1689358753	-56.5563931418	-57.1749013414	-55.4952080371	-52.3521054254	-20.0628526911	-45.9285104046	-44.2686753865
399494504_old.mp4	-25.7067680746	-12.2242460831	-57.1970477027	-47.5781647874	-46.5536404334	-56.3445644222	-45.4783955191	-52.1812374988	-50.0405290577	-46.6295549562	-17.1281258733	-39.1244732357	-27.6253057919
543249132_old.mp4	-14.1756447075	-5.67479397586	-47.8252411233	-42.2087216491	-41.2214828429	-45.8702011442	-40.0124720028	-45.7144658154	-46.0252637808	-40.8302698612	-26.907061508	-37.0208228611	-28.3161114921
577003755_old.mp4	-18.8983794656	-9.68557773478	-39.8287995332	-33.2537514644	-32.1033593941	-36.8759270754	-29.0004538904	-36.1710009671	-35.3949923289	-32.1875964505	-17.8360999731	-30.3062095663	-16.4730438057
372101871_old.mp4	-15.1880047572	-6.77016940583	-49.1572511264	-40.3493965434	-38.5553170175	-48.7086864784	-38.2815566776	-44.0335119487	-42.151232104	-38.9940569609	-17.850267742	-34.4715379846	-26.5682571969
415699866_old.mp4	-16.6288408646	-10.7324000542	-37.8853809485	-32.1003492198	-30.6672000763	-37.2078542597	-29.2606950771	-33.7455276011	-32.9097781792	-24.8283435408	-15.3050802073	-26.8369951923	-16.4047694299
481579944_old.mp4	0.255185877985	5.88182274778	-49.8407890455	-38.0362673686	-36.3971477687	-49.4203435842	-38.5761836884	-46.5679230215	-45.2819211437	-41.8089456557	-15.8836530552	-37.6578560792	-24.2712352642
VID_20160801_185005.mp4	-17.5353980037	-5.34334955185	-53.1691703268	-45.9694518134	-45.0729890054	-52.7646612131	-45.0014834821	-47.1306478783	-45.786676026	-41.529349385	-22.4864799938	-43.7016504569	-35.1499892196
637506191_old.mp4	-10.9653739715	2.21247982565	-43.6452839411	-36.3401885795	-34.8881512762	-40.9800291953	-32.1890827907	-29.1036204036	-27.6497162831	-24.0240248887	-19.2057015801	-28.7953298454	-17.4231428799
372119114_old.mp4	-9.44854414046	0.705513218094	-48.1773599304	-42.8508716358	-41.7452704769	-48.1500228555	-42.8271670009	-39.4399663303	-38.4081630248	-34.9687791183	-19.0088271615	-35.5880689365	-31.1009388612
612148598_old.mp4	-19.5300753102	-6.139288348	-55.4162280646	-44.4464110559	-42.8848404195	-55.5921094895	-44.5115201909	-50.8140826338	-48.6113793227	-45.1508648583	-21.0876328108	-44.0258268894	-36.0512826051
571903718_old.mp4	-17.2771608639	-6.81909888465	-43.0563882051	-37.8625091308	-36.7792113919	-40.8127711178	-34.1832873331	-38.2690351614	-37.5162332798	-34.7960136258	-19.1993668216	-33.151414286	-26.3131613883
553547388_old.mp4	-16.2076795787	-1.70133807605	-49.8492706991	-42.8650923472	-42.0277074575	-48.602848651	-40.6594027233	-48.0057094241	-45.9440295981	-41.8344057972	-20.2430920799	-39.0660662364	-32.9462462098
361970560_old.mp4	-15.536272095	-3.78353929285	-40.9775547924	-33.065419457	-31.9828570945	-40.7620716353	-31.994572183	-28.831913172	-27.8896096228	-25.2488101176	-18.1441338789	-28.644113964	-15.5090386225
361873075_old.mp4	-16.866362081	-5.04053058757	-44.116777681	-36.1378516359	-35.0854752417	-44.8254901575	-35.1096608323	-32.7557753536	-31.1726641608	-26.8193297299	-19.5961535729	-32.7038339729	-20.1817236779
601088723_old.mp4	-18.0532018207	-1.69865094755	-57.4284997657	-49.2669917418	-48.3896298683	-58.2252208074	-49.4426580244	-54.8582502381	-52.7620394789	-48.7236758852	-21.3412621781	-48.7760059247	-42.6285557905
435463507_old.mp4	-10.5745971878	6.13441607344	-54.3936137572	-46.7222410864	-45.5966036238	-54.9347458901	-47.9844291891	-49.1934729011	-47.4858388833	-42.936346875	-19.8272463748	-38.9606303998	-33.3504309106
413375057_old.mp4	-13.9311968661	-3.80560926387	-43.6870739548	-36.1060449302	-34.9754094634	-44.6270674901	-35.452506296	-37.7928583602	-37.2660798331	-32.5912617201	-20.2331889052	-34.156755257	-21.8637232929
469049450_old.mp4	-12.1988249875	2.88644610834	-52.6152598109	-36.991741796	-35.1182142647	-52.3624431054	-38.3821200593	-50.5280902519	-48.6373083604	-44.8583877068	-20.2944584361	-43.2338429049	-33.5319788384
371469024_old.mp4	-7.81029548394	0.208060044445	-46.8447049855	-40.3677821811	-39.1815048513	-46.9838671225	-39.1508285475	-42.2839747543	-40.2351596546	-36.2469087799	-16.555339843	-32.8923187813	-27.7346363771
352775175_old.mp4	-7.57920937779	7.37212373056	-47.003259422	-38.3041945004	-37.3437339661	-46.9062734692	-37.4224659067	-40.5395622985	-38.3537310954	-35.520768864	-17.6111201995	-31.8860545301	-25.9852601493
372234240_old.mp4	-11.6947780529	-0.930136425864	-42.7504739184	-35.3587045537	-33.6135085742	-42.2430355726	-33.3206381028	-37.2050316106	-35.5139052371	-32.2198182758	-18.6891892371	-28.5224521005	-22.4695150144
406998966_old.mp4	-4.47892274289	6.10657416338	-64.6152885733	-60.5210401455	-59.6196574904	-63.6490483485	-58.8430320967	-61.5565153259	-60.0057398048	-57.6371465668	-22.0531572758	-53.361564072	-50.770502702
428012473_old.mp4	-15.3209573883	4.23459968475	-56.5647096409	-51.5770188023	-50.6204578282	-56.8704748606	-50.5214226923	-51.6634998254	-49.9848837705	-46.9826887913	-20.664790334	-45.3505270779	-40.5904990544
477645779_old.mp4	-0.819290267904	5.88899148119	-51.374019698	-41.3950386498	-39.3347347937	-51.5512841785	-40.4551131824	-46.7446518198	-44.9149113721	-40.5493285744	-14.9137263998	-37.0017209677	-25.956815693
562620546_old.mp4	-6.40979104773	0.269566679439	-48.6386630113	-42.3475243931	-40.9767688945	-47.2406930773	-39.6986113959	-41.2088335414	-40.0466350777	-35.113968116	-15.6089928702	-34.6280609762	-27.9030676966
428374205_old.mp4	-12.5829606001	-0.763678405432	-53.9633524093	-45.0334829266	-44.2696767387	-56.5833912966	-48.0599381882	-45.8972487397	-43.7982282094	-40.0634597169	-22.1046814529	-44.6116461829	-35.4925713821
408697374_old.mp4	-15.9719571407	0.538240316877	-54.0926083729	-48.697379264	-47.5180300535	-54.3308464527	-47.2849352647	-48.8916434481	-47.5226570734	-45.0176955383	-21.7959935956	-42.8037031898	-38.1585282112
406989268_old.mp4	-5.88351091098	6.31420096956	-59.7686606814	-53.3759898065	-52.4142775111	-59.6082886351	-52.9813740069	-55.5892934903	-52.2897818024	-48.2769422722	-16.432036836	-44.1164534466	-44.2511181979
400744217_old.mp4	-14.8649900051	-6.2880761599	-48.1452235189	-39.9626728238	-39.0827599901	-47.2100965858	-38.483698643	-43.9258461103	-42.4006711416	-39.1105853009	-19.4015294092	-38.6053100741	-31.8424457755
373591775_old.mp4	-19.4137721915	0.539582975967	-63.5642879976	-57.7565058777	-56.924225542	-64.0770246788	-57.646682039	-59.2419045065	-57.7996212054	-54.5021377779	-19.7446505264	-50.9381950156	-45.6496444979
358718219_old.mp4	-12.7541946158	2.50752567347	-57.3586603441	-52.0698736487	-50.743660379	-57.8389345862	-51.387730916	-49.8578609581	-48.0142824655	-44.6981340501	-16.3496746281	-40.5410324708	-36.1998560136
584755726_old.mp4	-9.0071234514	0.0830758406632	-43.6554933911	-36.5585767874	-34.9595526318	-43.6489935102	-34.7080063059	-40.3176788996	-38.9799043912	-33.9804815633	-20.035086652	-34.2098596053	-25.688208165
602955327_old.mp4	-14.8599109585	-8.69616910961	-39.5085525312	-33.4750960139	-32.4032490096	-37.4851342879	-28.9578198853	-27.7656812073	-27.7229247152	-21.7764940158	-21.2753468428	-31.0123011794	-10.5986485613
555422721_old.mp4	-16.8485158849	1.33119204229	-55.2807093655	-47.9777630935	-46.9700507759	-56.2429106739	-48.5740976957	-48.2968251171	-46.4026764561	-43.2549780435	-23.8179096975	-44.0453542643	-36.4149133437
560597688_old.mp4	-7.24148030159	0.0307149517731	-36.8362403781	-30.6189659946	-29.3979160309	-32.2069672211	-24.1289417933	-27.1050233268	-26.2848357657	-22.404175276	-13.8569624712	-23.676750164	-19.0823846373
VID_20160802_113658.mp4	-10.2730682444	-1.53249454533	-45.5719041608	-39.3718902456	-38.1536546391	-45.7481954308	-39.119308273	-41.1694284871	-39.7525523913	-36.9270678924	-17.1641646858	-33.7057084175	-28.4959462946
543146758_old.mp4	-4.51928725236	4.47821441082	-49.9558560927	-45.2013181593	-44.3923539369	-48.7062697145	-43.4251230202	-44.7715043289	-44.2128098186	-37.9807160927	-23.49999925	-34.0610645103	-21.4167754706
504551105_old.mp4	-11.6885921403	-0.380210736437	-43.1239302554	-36.1249423109	-34.8970538954	-39.3662981097	-30.5644735207	-28.0655716493	-28.5540498059	-23.1430194343	-15.7493352617	-34.0562250777	-13.9446856186
477208712_old.mp4	-17.4805696904	-0.622314176894	-45.8831322059	-36.2415191222	-34.6517958478	-46.3469284747	-35.0151612936	-45.0649601638	-42.7328742238	-37.8115769838	-19.1779485358	-32.3844307468	-21.418556074
500386904_old.mp4	-5.47081185858	-1.40232638591	-48.5356286472	-42.6428552819	-41.3464294781	-46.6820495431	-40.5167663769	-40.024704478	-39.8956483494	-36.4052908206	-19.408485626	-39.5130487803	-31.4693359172
371801358_old.mp4	-5.85292813285	9.59292365122	-57.7205145796	-47.0553101493	-45.9532306405	-57.6553407244	-46.9061932031	-45.4218321661	-42.3428428237	-36.7074782819	-17.8421809699	-41.5030965257	-36.442898228
433635364_old.mp4	-32.0888178068	-26.2790014683	-70.4780172677	-63.5894835054	-63.0768232006	-68.1069683281	-60.5691236975	-64.7326358205	-62.1246017081	-57.3907109385	-22.5730280403	-42.6695383521	-38.1205257274
539496469_old.mp4	-15.0386010224	-6.03305773482	-47.2050473591	-41.2693313056	-40.4005013909	-47.4654737423	-41.1526625766	-42.1337697588	-40.2182119729	-35.8935256267	-20.7200476284	-35.9862696244	-28.4017139257
449730340_old.mp4	-16.4802922165	-4.56974872136	-52.0939926523	-48.2169468141	-47.7806072681	-53.6294614557	-48.3390869582	-48.7933481369	-46.3979849065	-42.9347001295	-17.5622495333	-43.1184975741	-39.9797497827
435198348_old.mp4	-27.7551442544	-12.3890408156	-61.403198169	-54.8679939828	-54.1349522567	-60.0576230321	-51.9759967874	-56.6377321854	-53.7700502156	-50.2405773155	-20.3078556283	-42.9800601691	-39.0889625365
420963759_old.mp4	-21.1803814436	-9.93371389588	-52.7696741193	-45.4018675542	-44.5202629638	-53.5749568082	-45.1779639372	-46.2202914759	-44.2432245844	-41.4074099921	-20.2487509792	-35.4872950074	-28.4111799393
406989817_old.mp4	-4.75529544615	0.740185933367	-52.3687638661	-44.1404513607	-43.0234751604	-51.763946487	-43.3624727635	-51.4684621521	-50.2440282261	-47.5257246546	-16.864208679	-43.5240134064	-34.0007382141
356686522_old.mp4	-20.4356801185	-7.74168937769	-53.434420442	-45.7570216152	-44.7527610972	-54.0206565878	-46.1726952308	-50.3246977728	-48.9010110708	-45.1571468199	-25.3211870907	-44.3496193137	-37.1028408379
573905099_old.mp4	-23.873996217	-18.4867614444	-40.752992994	-33.3246158389	-32.1251646116	-37.597766799	-27.7225899419	-33.1532986631	-33.7120942081	-27.4047417251	-24.0967074119	-32.4040028178	-21.8519458294
633266001_old.mp4	-9.95975802744	3.01514380615	-52.0334903761	-46.3818105784	-45.5667079068	-53.1412611677	-46.9443833818	-47.3608730154	-45.3639653976	-40.1514204943	-20.3733671002	-41.8736210732	-37.7693678175
509085638_old.mp4	-8.86483157994	-0.829230032876	-47.6244504463	-39.3949625096	-38.714250521	-46.6754174997	-37.6110105396	-44.0273911655	-41.6242234681	-35.8064108832	-21.7222129022	-36.6394884839	-22.7941096369
445404431_old.mp4	-16.5547385886	-6.10085240068	-51.269519782	-44.9549865032	-43.1899087354	-51.3531279811	-43.0944596959	-47.0122201985	-45.7275483659	-42.7030329057	-21.276544303	-40.108653448	-34.0680899982
433789450_old.mp4	-16.9421082091	-6.2464152125	-41.5715503283	-33.2150392482	-32.2624482429	-42.3115370688	-32.7100048202	-38.6935455443	-38.2611648194	-32.2305158424	-16.9331213647	-33.5579914062	-15.2606371525
537087569_old.mp4	-10.3512400764	-4.91361789535	-48.1456594435	-38.8505808389	-37.5290902086	-47.1818554915	-37.0935152898	-43.6672127175	-42.3463932431	-39.4072118591	-18.2443655655	-35.5379432697	-23.6251007102
525832383_old.mp4	-15.0555468939	4.26091700009	-55.0555044055	-48.6170779138	-47.1752639335	-55.3842725063	-47.6343811446	-49.7379237724	-47.9162187459	-43.8416459798	-16.9561830583	-43.4842421373	-37.9848142975
523630980_old.mp4	-9.96240468816	-1.29494492609	-43.9942882371	-37.8375050535	-36.6622105209	-42.9779031311	-35.99634766	-39.5211566083	-37.801050363	-33.314073566	-19.2348714897	-32.9349050878	-28.2132177411
426706419_old.mp4	-15.6196415431	-7.26873410871	-57.6876844004	-51.1240626099	-50.386125174	-56.5950982257	-49.2453255053	-56.1067555325	-54.302757354	-49.4965332195	-20.4786795836	-43.2503664931	-25.2746585242
500873560_old.mp4	-16.0948890947	-5.99968733502	-42.5973445568	-34.6141415873	-33.773668995	-42.7163325794	-33.862417153	-37.9211086131	-35.7241543417	-31.9387026613	-19.0105038287	-29.657538105	-19.2975134582
379412990_old.mp4	-18.9819953009	-6.89029346284	-55.5886309134	-50.871247266	-50.061412633	-56.0399419762	-50.46097022	-51.7953865632	-50.0643927011	-47.1222201322	-21.3007603202	-44.0148780325	-40.0058336982
409101162_old.mp4	-16.8793326306	-4.40929211137	-71.111801212	-66.5815404381	-65.6216159217	-71.2323399336	-66.753247474	-67.403590547	-65.8540533016	-61.8816810146	-23.9487137308	-49.7870140579	-50.9978021624
406040951_old.mp4	-34.9417490888	-17.2360715621	-74.354970506	-69.2439932288	-68.7053501426	-74.6925716754	-69.4121844564	-73.2806993375	-71.6023780656	-68.5867782231	-27.4086821237	-59.399343354	-55.2199564174
522426555_old.mp4	-11.5034778707	-3.01117634057	-56.4604732597	-52.3572229809	-51.552371063	-56.2263243185	-51.1802229559	-50.820107995	-49.0410581567	-45.3887388846	-21.9797920384	-47.3359405105	-40.4924663242
595157344_old.mp4	-12.6510865236	-2.23167321095	-40.9428448967	-32.9318833104	-31.2931478111	-41.3165573078	-32.1002972907	-31.8606040878	-33.0215475253	-26.0152678946	-21.9886173638	-35.4345445117	-17.831187551
553593161_old.mp4	-9.50703362192	4.00032631831	-52.420808142	-46.1425168838	-45.1191432073	-51.6053262227	-44.6685294878	-48.6188907285	-46.9380445442	-44.3335862031	-17.2053607253	-41.1973478805	-35.8684963915
556293674_old.mp4	-14.3860749092	4.36096482932	-61.7461384936	-56.5506438009	-55.4511199368	-61.496170754	-55.2422286364	-57.6480118017	-56.3843484857	-53.3664681091	-18.2840793368	-49.3190906669	-45.1513789527
626314255_old.mp4	-11.7513638274	-0.640067932366	-42.6372006354	-35.7950438266	-34.3315779424	-42.4334703917	-33.9489091563	-38.7296044736	-36.6247652079	-32.6765488392	-17.9672867553	-30.7914006736	-25.1942384626
391164050_old.mp4	-18.4355403637	-1.30787857584	-61.5528717049	-57.2201674325	-56.1860152351	-60.948752658	-55.8168144983	-55.7892432561	-54.1427575782	-52.0464443581	-21.155249155	-51.3805881496	-46.4946013174
526647936_old.mp4	-13.0533194045	-0.925746958661	-48.4651754004	-41.5048545988	-40.3662154114	-49.0837422808	-41.006085993	-39.0783555016	-37.9469139945	-34.2093954754	-20.1675346918	-39.7478282028	-28.0671347777
369990283_old.mp4	-15.0601045543	-3.98156251201	-40.8296043894	-34.1915932289	-32.8949393878	-40.427423036	-32.0889362978	-37.4916178383	-36.0542936711	-32.1878882286	-20.3014485454	-30.7554898127	-22.0033579218
445403295_old.mp4	-16.5827795179	-7.52411978692	-51.5352134787	-44.981262096	-43.0411856552	-52.1447869561	-43.8022603029	-48.3982703571	-46.7397441625	-43.6089472315	-21.3951159582	-39.985847632	-32.542822121
518939762_old.mp4	-6.81042024775	3.19128211433	-39.2707285522	-31.4877156063	-30.1133340378	-38.2371279584	-28.2868216102	-27.36287957	-26.124534121	-21.2745597459	-14.2352827923	-24.1418537193	-12.5005537304
578223459_old.mp4	-10.7732168424	2.19528283964	-57.0955357962	-51.261186275	-50.2731971305	-55.8616733302	-49.7472840451	-52.3650214038	-51.0805245807	-47.4579513263	-22.1155457734	-44.7498136569	-35.689403034
612017085_old.mp4	-15.6559278828	-7.76582108788	-47.0055922791	-39.577202793	-38.517026952	-43.5397049019	-35.0073575694	-33.939263537	-31.9528950916	-27.3874777616	-16.5284311168	-31.6603712127	-16.7904428734
406434809_old.mp4	-13.0664075234	4.48787763805	-69.7376693534	-64.0471601539	-63.5162759891	-70.9218252509	-65.2148367507	-65.6396470549	-63.6304687816	-59.8810675211	-16.9587455112	-52.7787079437	-53.9392599233
438276436_old.mp4	-11.8313617265	3.29789552165	-46.9525022682	-42.920236215	-42.1287294039	-44.3184145946	-38.5884058284	-43.302488522	-42.5047879243	-36.8200676393	-20.7162750717	-40.4761495506	-33.8109497355
VID_20160801_203115.mp4	-22.374514133	-14.3176984439	-55.0055324474	-50.142360359	-49.0924917712	-54.7434853862	-48.8515777967	-49.5587502137	-47.63636526	-45.3712787771	-16.9844890229	-39.4568194551	-34.2843528404
591144900_old.mp4	-23.8557648925	-15.91233993	-51.2620009497	-31.2905405061	-30.1416281487	-45.18172183	-22.7572863631	-44.3284474763	-43.1075942903	-36.1230704768	-22.1182722675	-42.2763056827	-22.8777970642
VID_20160805_145901.mp4	-27.7666004802	-24.2874403305	-47.4057785803	-30.3075089147	-27.4200128642	-41.8704101994	-23.8387582533	-51.8335084967	-51.3381929572	-49.3365480258	-17.4734980239	-40.5690752165	-32.9009503252
345081433_old.mp4	-6.62783959024	2.31013477442	-31.0889336185	-23.52277432	-22.2351240476	-29.6764704733	-20.9564255348	-32.4753607794	-29.5552869858	-23.2166272219	-19.4033078817	-19.795301637	-10.1104281457
413257163_old.mp4	-10.0463207907	1.32920711161	-41.454954657	-35.7155709214	-33.8668034935	-39.0016506717	-31.724958841	-22.3699012698	-23.4901172988	-19.4541469413	-15.6505296438	-22.8387972171	-19.0342596429
631562279_old.mp4	-86.3553344747	105270.46313	-71.1146511554	-65.7747560532	-63.6508332834	-56.6771691831	-49.8281251989	-65.8656126176	-58.157996782	-40.6086956918	-56.5475838458	-53.9063343965	-70.7933972455
398105721_old.mp4	-14.0872908335	-5.28970540436	-39.7766812385	-34.0219730239	-32.9023008458	-35.5841647651	-28.3190427329	-35.4960078774	-34.607962527	-31.951610034	-18.0739791584	-27.2888237536	-21.439662522
469629614_old.mp4	-6.8069026114	5.83476287692	-51.9026664478	-39.4673311261	-37.8143547182	-52.0133334744	-39.4544200274	-49.8838139924	-48.0336737303	-44.6326541079	-20.0085287942	-42.7680249505	-34.0787643804
408250654_old.mp4	-12.2203866716	-1.62459934021	-65.4534491404	-61.9407996111	-60.917729854	-65.9446739574	-61.7313220987	-63.2943859771	-61.4456293965	-57.2842247218	-23.7892101981	-46.5257376029	-46.828455928
433762996_old.mp4	-15.5568031697	-0.0659791837592	-51.3325598631	-45.1348551532	-43.8474593006	-49.9485464302	-42.0561579734	-44.6081272258	-42.9517583857	-39.3978391805	-16.0991381685	-40.5635297911	-29.206535573
467267382_old.mp4	-17.429146391	-8.62089468366	-46.8198870314	-40.0021407311	-38.8604086039	-47.0305038993	-39.1083248234	-44.9704067004	-42.7019654597	-38.3362290008	-21.9541964648	-34.6997201955	-27.4360177653
368386985_old.mp4	-9.43104353869	-1.4306802313	-44.9038622416	-34.9408445001	-33.208545835	-41.3349783662	-32.5177527957	-29.1674093811	-27.9947827121	-24.870031562	-18.2845932185	-37.6084275626	-12.5607751997
455564196_old.mp4	-16.7207773329	-8.72487988642	-50.795284304	-41.743254174	-39.6807387702	-51.1217999132	-40.0333568993	-44.5430861734	-42.7462581982	-39.2172609619	-17.9663897194	-33.5253086643	-23.0242400019
342982081_old.mp4	-12.3705519538	-2.39032894461	-39.8360800326	-32.3478688791	-30.9698156462	-40.2809287585	-31.6766308851	-33.4323546398	-32.7270952271	-28.3842516199	-18.6350664007	-30.8257845551	-17.8442377051
497872433_old.mp4	-12.9093031881	5.30174351844	-53.2523826127	-47.4864348812	-46.4931420841	-51.7924248604	-45.1057913782	-44.7466081392	-44.0041530762	-40.3737819414	-15.2172286505	-39.431375052	-34.4375123246
361131704_old.mp4	-12.096711469	-3.44863805125	-40.0780230949	-34.8504698973	-33.7594770872	-39.5395233739	-33.1788750612	-31.5520574877	-30.8466026984	-27.803094935	-19.1485955191	-28.8164672958	-20.3461911206
548387876_old.mp4	-14.1556132734	10.9396422275	-49.9960584908	-44.8931047997	-43.977982723	-49.0702364483	-42.9685985804	-42.5753138197	-41.6645248983	-38.3041122711	-19.9789330282	-38.4602749924	-30.5901812443
514577999_old.mp4	-16.2071695828	-3.7914219729	-52.2551605979	-45.7682044752	-44.2444222744	-52.4266459022	-44.5951437405	-47.4582693866	-45.7071488632	-42.5637324044	-20.6662035937	-41.0008526008	-34.753656788
513978311_old.mp4	-11.7109759629	-6.13360606225	-38.5365838895	-31.6529376283	-30.3215812896	-37.0572226824	-29.0014014283	-31.7306155372	-31.8996729039	-30.5043857839	-20.6404650567	-34.090753543	-22.7609793335
519917346_old.mp4	-9.57298184413	-1.1583762691	-44.3959164545	-36.9410383082	-35.7291684822	-43.1612326758	-34.4511435168	-37.43984977	-36.099190348	-32.4024209057	-17.2670142253	-30.8973121624	-22.1940858106
642669724_old.mp4	-23.7833545	-5.82591428234	-58.1115370024	-53.224992659	-52.357931938	-59.0960411732	-52.9537760974	-53.5706055709	-51.8345932062	-48.6840705341	-18.7004276117	-46.3788043583	-40.6669415744
601892784_old.mp4	-15.5311622274	-6.30618757112	-55.4660778203	-48.4135471652	-47.054804856	-56.0911878797	-48.3892230288	-49.7106670655	-47.9451588215	-44.4241685509	-21.2609366739	-44.2669686494	-36.7875865041
635147871_old.mp4	-10.4041803539	1.83382251816	-50.2133502022	-39.6903689685	-38.5975989374	-50.6944207599	-39.2351530402	-40.8478517666	-36.7888958214	-33.9945163321	-19.1902802325	-36.4784465043	-30.416882801
469048311_old.mp4	-10.8566040455	0.185194259751	-51.1671654576	-34.3321871145	-32.6346018156	-51.0177988294	-36.421816086	-48.9596883401	-47.3502346226	-42.9199938592	-19.8356539281	-40.4542961629	-31.7117394198
476050778_old.mp4	-6.57412647085	-0.625475328294	-53.3132210908	-33.9020246686	-32.1060882652	-52.1046820181	-31.0334159696	-51.7888760461	-49.91699169	-46.2390264941	-15.0091188296	-41.863853451	-29.1802895304
405689768_old.mp4	-20.1234642812	-9.86813000238	-51.7360310295	-42.6619664054	-41.9040802926	-50.5146832336	-40.8510457726	-39.7448778482	-37.4086512665	-33.0519783451	-22.9265743798	-38.0908157084	-30.1696411257
367901980_old.mp4	-18.5094464775	-12.6039473117	-65.1983104224	-57.13668859	-56.1911723977	-59.6995744147	-51.9106840801	-65.5642781543	-63.1188121468	-61.5443454349	-20.5160419775	-38.2636249664	-32.2423047085
522385961_old.mp4	-14.7322280092	-3.78266543378	-44.4267983963	-38.1488849304	-37.1531284426	-43.8487319888	-36.441064764	-40.6847163377	-39.0481781846	-35.6013176412	-17.75061928	-30.6620947488	-24.0007127162
576518755_old.mp4	-10.4591111881	0.0489661626164	-36.866255115	-10.1072955225	-8.57264636009	-28.0985810669	-2.1648389083	-36.3692788419	-33.9085611891	-27.9618989321	-19.2268271003	-26.0613662912	-5.56095827177
441283027_old.mp4	-17.5690352494	-6.77716882802	-58.7710349223	-51.562420855	-50.2541643878	-58.0790542748	-49.7547337904	-51.2682032068	-49.5130650864	-45.9817850851	-18.0345471458	-39.8186090596	-38.3898907057
409293865_old.mp4	-5.39419752132	2.32420539567	-55.0384974339	-47.4894465391	-46.6120215728	-55.1879648228	-47.8808680431	-50.1682819246	-47.3882924767	-44.4866845505	-12.3455377838	-42.0919650664	-42.2917371125
420731267_old.mp4	-11.6826454814	-0.0492118388705	-54.6056733622	-49.4872553065	-47.9118645176	-54.7760826848	-48.0270484104	-50.3611260148	-49.0441366419	-46.2435133214	-19.3241915814	-44.0522814493	-37.5258702826
396798207_old.mp4	-13.2677210023	-7.14172144411	-48.6766796035	-42.2763883991	-41.0205317431	-47.3280525049	-40.3845512912	-44.5337268097	-43.8786650503	-39.69314574	-20.4302024503	-39.7231533617	-39.9771804517
527970974_old.mp4	-10.3846168522	6.22465422376	-43.5317043152	-35.5863757235	-34.4945555883	-43.9471146454	-35.1750061705	-39.2879623036	-37.2754108784	-34.172304058	-18.5575544518	-33.175578118	-25.8165695868
409108940_old.mp4	-10.3021172454	0.915617314783	-59.9304832022	-54.3283612486	-53.1091537224	-60.5501288098	-54.0235395185	-57.2329666224	-55.9417507924	-53.0438735404	-24.8441934854	-51.141227484	-44.8497403764
515342469_old.mp4	-10.9048156289	1.42636614855	-51.3131016151	-42.3242293073	-40.4712845857	-51.6772096312	-41.4224896527	-45.8233391264	-43.9097920987	-38.9823864555	-22.5142402839	-39.4904898271	-29.8879756602
381887305_old.mp4	-19.1140053084	-10.1537278061	-51.7997334045	-43.665946215	-42.8424240041	-52.5179028951	-44.1420044179	-44.8448265128	-43.1409098427	-41.1888492975	-16.3717853773	-33.1366873757	-23.6875448331
593914133_old.mp4	-22.0796234785	-18.0877220405	-31.8532429532	-26.8319382596	-25.3603535268	-25.7090639626	-18.3396858829	-34.9741148564	-34.7991526633	-29.9411116027	-21.4798756521	-32.6435286062	-25.605185831
502651342_old.mp4	-10.7783499591	0.718413734469	-50.7916772848	-42.1030416515	-40.8890096595	-50.7303813538	-43.2548994012	-45.6070498167	-44.16930529	-41.1237944379	-20.1967163003	-40.7092105316	-34.0942541373
VID_20160813_141954.mp4	-6.36441802978	1.02943876803	-31.2071002567	-25.8476964946	-24.8677235584	-31.2364811205	-24.9128491918	-29.2840358234	-28.0065350936	-24.9632829539	-18.3112360019	-21.5531609404	-14.680228944
571528362_old.mp4	-8.79771560915	-0.69601144138	-42.8326544224	-36.1494876029	-35.0135406174	-42.4028228363	-34.4954202795	-37.7251372068	-36.4971529364	-33.7394818104	-16.7705724464	-28.9360755833	-24.0988388501
408245058_old.mp4	-10.7391815361	2.45738030234	-67.3223878562	-62.6163958899	-61.4196253393	-69.7340409439	-64.0746174897	-64.7816549618	-62.7340569001	-59.1160050927	-24.0581490846	-51.5172514884	-52.4715977731
VID_20160725_091502.mp4	-14.1896405847	-5.47029465923	-44.3730872375	-36.7057154959	-35.8763751101	-43.1887362873	-34.7312458836	-38.2047444405	-37.1890026378	-33.6461253643	-21.629231863	-37.8643426661	-24.3379389576
371500354_old.mp4	-16.1713884467	-4.7873289228	-43.8703505564	-37.2313548982	-35.8372525799	-43.2702235186	-35.2734019965	-39.2820070839	-37.8762093259	-34.8864096832	-20.850243568	-31.849180478	-29.3934999721
627440624_old.mp4	-10.4238528896	0.0250767168813	-41.9571758988	-37.848192724	-36.866948045	-39.4740215317	-33.8939252897	-35.4890086618	-34.7277208411	-31.7048042956	-16.2489776324	-30.5012518943	-27.9801742153
611393344_old.mp4	-17.2061582034	-9.61931596422	-44.9919131483	-38.8530534212	-37.872942491	-43.820480814	-36.6509258199	-43.0023154256	-42.0201304011	-38.9196696905	-18.0777186269	-34.5073019344	-26.6193710468
510411939_old.mp4	-9.04514349364	0.972060221389	-51.1474587846	-44.9328100576	-43.5382551298	-51.2593742373	-43.8537175437	-46.7724834411	-44.9858198431	-42.2383402765	-16.1049359436	-38.4480828337	-30.2041841173
595904793_old.mp4	-42.0479127044	-28.4530058922	-60.1672972756	-55.5287755876	-54.5576455389	-60.6968029207	-54.7382887637	-59.6500444033	-57.2492698527	-56.906824705	-25.2073015225	-49.9265253688	-46.7958214473
543153179_old.mp4	-15.481112458	7.25656825726	-48.6243130427	-44.57488746	-43.6519858438	-46.4595969131	-40.8626048219	-50.5544621608	-49.5428510439	-44.9490767166	-25.9388131039	-47.4502214418	-43.1876996941
400916331_old.mp4	-18.0766802413	-5.24516093823	-51.0663133792	-44.9604151459	-43.6998018115	-51.0959535555	-44.1118096579	-48.1121987984	-46.0283321687	-42.509197131	-22.2782581432	-41.4479848723	-35.2122978174
571891351_old.mp4	-11.8628139594	1.80293169251	-49.3343795414	-43.3324234883	-42.5866917338	-49.594996221	-42.6445363984	-48.3406833227	-45.9206916525	-41.9749512714	-20.8595661299	-39.645702471	-33.2237043887
