filename 	h264_qsv_medium	h264_qsv_veryfast	hevc_qsv_hw_medium	hevc_qsv_hw_faster	hevc_qsv_hw_veryfast	hevc_qsv_sw_medium	hevc_qsv_sw_veryfast	qy265_medium	qy265_fast	qy265_veryfast	x264_medium	x265_medium	x265_veryfast
316712195_old.mp4	-12.4974697159	5.75852757261	-49.3125539451	-44.6433580815	-43.2112773508	-49.2250563371	-43.2181634849	-45.8395204217	-43.7163725276	-41.2592104971	-16.8560685415	-42.2322662854	-35.3036290469
370108669_old.mp4	-6.81025383994	11.4126914376	-55.0679544758	-51.1523100814	-49.8785955048	-54.5843989107	-48.8833426444	-48.9796410102	-47.1889025489	-43.7643700833	-7.00346867579	-36.2201753244	-32.2686223079
522270587_old.mp4	7.30755910883	13.9818825204	-46.3315136298	-42.4112936678	-41.9104762473	-44.3764024235	-40.2360612181	-43.4788807957	-41.780920905	-37.5841083213	-15.2781881995	-48.7007841779	-44.1159475466
469042201_old.mp4	-1.33129684328	10.4533815809	-27.347504439	-20.9497834613	-19.9193575893	-25.3965327745	-17.6940282424	-20.2548587899	-17.8789262163	-13.3225820175	-16.8887161434	-27.3307907665	-15.9994946737
408527830_old.mp4	-0.200785566008	4.67270322646	-50.0833961228	-42.5981197546	-41.4364921975	-50.1731449629	-42.1550112389	-50.0567091158	-46.5488534056	-43.0439170455	-19.813528021	-43.4801738248	-33.7467510008
523739759_old.mp4	-9.54261595535	2.61831366765	-30.8873801405	-24.987100874	-23.8443368546	-31.4359917333	-24.5671446003	-28.9074868227	-27.826926647	-23.803973112	-10.5216717414	-29.5066244326	-23.551282078
561206317_old.mp4	-1.53823698191	16.7485414847	-43.1843128601	-37.5570846287	-36.3734593366	-44.4653704706	-37.240437889	-37.8159014754	-36.5651686086	-31.5285866975	-13.0663126054	-39.1619452156	-35.4265894582
626696816_old.mp4	-5.64323371107	13.4883076551	-38.7101777184	-33.9664528456	-33.1357603995	-38.4300327444	-32.2755208819	-38.1487663034	-35.8174205816	-32.8054475709	-13.68760167	-35.2931362295	-32.4169360159
629744388_old.mp4	-17.1491853375	-10.5290441156	-44.784175438	-39.0935008453	-38.2451242384	-37.3515167824	-30.6353005954	-32.7021907562	-30.6149408174	-27.0051505398	-25.2815657461	-43.6693014364	-30.6666254626
VID_20160804_164352.mp4	1.01661867604	8.95834113291	-40.4030973071	-37.2649385334	-36.3035624701	-39.5053684911	-35.6856331841	-37.2388746403	-35.5606601349	-32.645678694	-11.5436719624	-40.4242229511	-35.4625252982
399353335_old.mp4	-8.10462213427	7.94985052049	-45.6576390212	-37.198215217	-36.1641455341	-46.9901227606	-37.8980151863	-40.2254455756	-37.6687300926	-33.9918645881	-13.0728939101	-33.2359340966	-28.4432676201
431516578_old.mp4	-14.6309936463	-7.18779106507	-64.1421580645	-61.0148954829	-60.7117801827	-63.1950052825	-59.4534117277	-58.0305618077	-56.1903203845	-51.5664106623	-12.372453535	-38.7172327564	-40.6277189778
328903993_old.mp4	-10.0347811782	4.85376659533	-52.5658072974	-47.6880744792	-46.3450314445	-54.7282190257	-47.2188050167	-44.4342773723	-42.6008767003	-38.7823542086	-19.7214717819	-37.6988330972	-35.436699958
371894311_old.mp4	-10.110924728	13.3325104624	-59.1515797378	-54.493484906	-53.9143378279	-58.2968984331	-52.9006910293	-49.6276828694	-47.9467574832	-41.8318831073	-12.8866546053	-40.1699477531	-34.9668914936
405560776_old.mp4	-5.52927225131	5.61137507921	-34.1341095897	-28.1661858478	-27.1693492414	-30.5672569945	-22.6646078646	-22.3090330129	-20.8893729572	-16.3632446047	-14.8113867076	-29.5153325723	-20.3453288538
477647862_old.mp4	-0.710550824093	5.23982857605	-46.8074861285	-38.6750083356	-36.9915893188	-46.48645159	-37.3397578513	-41.2069872908	-38.7899915147	-33.7663995244	-12.8593821739	-34.1705542679	-22.6330850106
526653214_old.mp4	3.37244011894	30.2782143444	-27.4963731423	-14.1676818514	-13.7965944035	-28.9214144036	-15.6741871067	-23.3651470289	-21.1519495142	-13.7746278878	-22.4937677113	-26.3883907462	-17.5339110115
529499431_old.mp4	-1.46611367234	17.9913847429	-35.952846058	-30.0154483276	-28.9073486997	-37.7832510972	-30.824803741	-32.5933885553	-30.100050599	-24.8767810706	-6.67051571435	-34.4447972486	-27.9889689726
580508812_old.mp4	-2.34958019227	5.56754506266	-33.4817152687	-27.9918065843	-28.1501259018	-33.6529440654	-26.2300564042	-32.3762836247	-30.9175892863	-24.7734660236	-17.3498651104	-41.2888858437	-29.1876874604
518804294_old.mp4	-28.772702888	-16.3349345112	-53.2682815895	-49.2536810992	-48.6226585025	-46.0287769672	-40.3703015273	-48.1830136336	-46.9290647216	-43.5467584976	-13.1279921907	-45.8090053536	-36.5055171026
573347832_old.mp4	-19.5035156724	-13.3188778971	-34.0977139918	-28.6243708713	-27.4592969239	-26.8583195332	-18.4722721608	-37.3086474453	-36.2379863147	-28.1661829134	-20.647209789	-41.6616126312	-26.3750699135
619481491_old.mp4	-11.1059018388	-0.890250712825	-33.1326733158	-25.1106737749	-24.4201854589	-33.0683303213	-23.5077955526	-24.9567184861	-24.3138865132	-17.5662703167	-19.3202265501	-29.6954685605	-18.1503669378
462706464_old.mp4	-23.2241307109	-3.00183035541	-58.2454046379	-49.6046675842	-48.270877384	-58.5414005254	-49.274915361	-51.2468425854	-48.2690750919	-45.5921530035	-23.6952876328	-45.2714706894	-37.9881260254
408241470_old.mp4	-16.6109954575	1.74703889675	-67.5490672658	-64.174753086	-64.0156985401	-68.7633798802	-65.7877967636	-61.8943418372	-58.0998786267	-52.9571814394	-16.746370368	-52.3390823106	-52.7782960585
544564132_old.mp4	-7.23972440945	-0.996692556708	-41.282721447	-37.2507166978	-36.2361967367	-35.1727651192	-29.9446040877	-33.1679848463	-32.6921700107	-30.0510249821	-18.8117676167	-45.1096097013	-28.8107283492
631858082_old.mp4	-4.78234969928	23.3372904163	-50.4758720902	-46.074987957	-45.336017207	-50.5533480704	-45.0711198468	-43.8803443954	-42.3217501499	-38.884292833	-17.6302823687	-37.9745640055	-35.3823860027
559599141_old.mp4	-4.93926382	12.6590128382	-42.4887095097	-34.8010110269	-33.5476097433	-42.8958799901	-33.8565463155	-39.2880416917	-36.3387630374	-31.9469029358	-14.2125286588	-37.2412437842	-33.0912582993
402134623_old.mp4	4.82241829591	13.8222450689	-40.9875328009	-35.8026261517	-34.6878362183	-41.3047734535	-34.3796469971	-27.7716530169	-24.6179747948	-19.3260214023	-0.322459287948	-12.9710986629	-15.3582471628
552802455_old.mp4	-7.44261331048	3.50503734021	-36.5929543124	-30.6233157535	-30.264223015	-37.6806978505	-30.1933205649	-38.1416251029	-37.0403691456	-32.5017214771	-15.4249127212	-35.0276073194	-27.0045901158
548571447_old.mp4	0.786563004617	13.3449653337	-43.0482013443	-36.7231762612	-35.9278583504	-42.7511077358	-35.9264952519	-41.8763590524	-39.6758647948	-35.943945345	-12.7280221959	-38.4353875216	-36.8779364093
409279508_old.mp4	-0.43220248951	9.54804079732	-55.6462988645	-51.5471690627	-50.9449155719	-56.4623702055	-51.4718690106	-50.3417535701	-44.9625582029	-40.7062658469	-7.58084673539	-40.8381353449	-42.6817879898
368705245_old.mp4	-0.508848071224	15.6191147236	-33.2487130365	-28.2282144623	-27.2512559443	-32.4181989033	-25.7199682424	-26.8008733733	-25.666637954	-21.0067642701	-15.3695898892	-36.5441979209	-26.9061073477
495723627_old.mp4	-3.97294273863	4.79773599098	-32.4755830074	-27.748695655	-27.1504996156	-33.7933156338	-27.9054155273	-29.098293686	-27.9125030402	-20.7190032979	-17.2479401523	-38.2529422936	-28.7870776751
391269500_old.mp4	-4.76599358265	7.30829947972	-52.5071657259	-40.0547166998	-38.9656162887	-52.2239419709	-35.1048779479	-46.4740297062	-44.6839813191	-42.0528889296	-13.1474750722	-44.1962642306	-37.7164007069
371449484_old.mp4	-11.9564239755	-6.19003492648	-32.9405410269	-29.3391353325	-28.2178135987	-29.1452076591	-21.5641540508	-38.1544986997	-36.0330329873	-30.633687798	-20.8530883679	-37.2047101002	-33.7372543062
465872783_old.mp4	-5.78374170854	9.63084063844	-36.8393144912	-30.5117224886	-29.3297273955	-36.2564057493	-28.2402849471	-33.4025164012	-31.7155183285	-28.2523315639	-17.2916544854	-30.4117180028	-28.2882182541
417627194_old.mp4	-3.99708331811	4.72982587708	-48.3588547426	-42.1781249862	-41.4865455521	-47.0634494591	-41.345178102	-44.8096062303	-42.5583984202	-37.7538539355	-13.5281954305	-38.1533367866	-33.7619816356
501689627_old.mp4	-10.7178166121	-1.01159778884	-54.1651613784	-43.5131125462	-42.384847865	-54.183234809	-44.1105843847	-47.5952912376	-42.5989148791	-32.5704767119	-21.6161402221	-48.6246342756	-44.3988043679
328646216_old.mp4	-6.24227147428	13.3146555004	-48.9009230782	-37.7375602967	-36.8372655841	-50.3672945184	-40.204536673	-37.8968799313	-34.2013095032	-31.5424839623	-18.296888109	-35.0662431597	-24.0022014026
518806681_old.mp4	-3.58979787193	9.42593866344	-29.8153959478	-21.6627658639	-20.6770114812	-29.4146170855	-20.6787210025	-18.95637689	-18.9444752054	-13.3704319	-18.7028417734	-34.0780617339	-13.7617289509
630217362_old.mp4	-15.6732629611	-6.96122598536	-35.9519832107	-30.5690426493	-29.6734717393	-36.2780919014	-29.3440529195	-33.3272548669	-32.9242343669	-25.1301988075	-20.9638185517	-35.4519455776	-21.1645306188
412677059_old.mp4	-4.65595335992	17.0460459277	-42.6080899708	-35.8097678683	-34.5084133517	-42.9751082949	-35.8118631011	-37.4035417387	-34.8956656395	-29.5251775768	-10.2707865608	-33.523170769	-28.7909403945
639885982_old.mp4	-2.62131997806	12.4707167553	-32.4299733066	-25.8195471526	-24.7057999548	-31.8069429233	-24.4200635508	-26.694417997	-22.9714884188	-18.9261087163	-11.4134882209	-24.3406871066	-20.0569863626
574532803_old.mp4	-12.1697159652	10.6867938011	-57.7972072327	-49.9264032935	-49.5388573998	-57.0464791842	-48.5734339816	-49.0452939662	-46.1075137896	-41.2898189376	-12.6432356935	-43.7478028603	-35.4769868862
524913770_old.mp4	-7.74245196779	6.2357073199	-50.8830022307	-42.5180234208	-41.3322033285	-51.1393544379	-41.8587525529	-46.1368091135	-43.249528064	-38.8357370847	-13.3248394306	-42.6465239119	-37.8018686321
407290400_old.mp4	-10.8245786169	3.28473110468	-57.0591415819	-50.4653624656	-49.8289450693	-58.2553728466	-51.2344509846	-50.8452906173	-47.712540203	-42.6119943496	-12.8593556595	-40.8611035823	-40.0504790215
348404815_old.mp4	-9.56755135968	6.39099113047	-39.3897739447	-31.1538997005	-30.2830698831	-39.5553490227	-30.9255939483	-32.0557969875	-30.3249124262	-25.0969158701	-20.3911265809	-33.5228661836	-25.6617115277
VID_20160720_134151.mp4	-8.15007068757	1.18244725576	-45.7273776034	-42.1591780842	-41.0120003	-45.4559444829	-39.8851447285	-43.0283076585	-40.3102072246	-36.3464956627	-12.5960790915	-40.3517042839	-38.6062697642
626707122_old.mp4	-4.25040021624	10.1704726533	-44.5414004317	-33.5948268424	-32.4399003132	-44.2585163107	-32.7369090072	-40.0816763242	-37.6401814311	-33.256477002	-15.7012602618	-34.0728404536	-28.4093631455
559829338_old.mp4	1.9596868985	12.5940175221	-34.4283143699	-27.7378072602	-26.5983074095	-32.7665646868	-25.1052923998	-23.5710328637	-21.7936170792	-17.6837832267	-14.301585547	-37.0693253296	-25.3399798005
543500140_old.mp4	-11.7604458023	-4.91867495687	-46.5150022006	-37.1534351663	-36.3128230198	-43.1436846726	-35.3705952682	-38.1091710544	-37.8244805114	-34.5947165892	-26.2410887805	-42.9183642415	-28.3042742279
590546720_old.mp4	-23.375049071	-16.4525998341	-58.2033791173	-48.4220734937	-47.6818011676	-57.5172003865	-48.8055173396	-56.7835518297	-54.3053326676	-52.5713462579	-22.6476204104	-39.3774333857	-35.5394381881
545583764_old.mp4	-5.58797466182	4.41964307867	-46.6076649261	-39.7434661875	-39.0271153724	-46.1449671428	-39.6403798169	-43.7573464037	-42.3965602648	-37.7740774873	-13.0260253447	-39.9606938194	-37.0854424512
582044238_old.mp4	-0.206610448942	10.633624168	-41.4534803381	-33.0720303965	-31.5932024541	-41.6424206805	-32.0492714123	-35.9818304739	-33.4773082528	-29.4160501495	-14.2198289244	-32.5305124846	-27.1841914861
469051965_old.mp4	-10.9815714601	3.12773018274	-36.2910072157	-28.5299507655	-26.8777440752	-36.1210880703	-25.8477162249	-33.9809066933	-31.7090606674	-26.2367329244	-16.7403105849	-30.6964851358	-25.5196138251
VID_20160708_095324.mp4	-1.06790927208	14.1654077478	-28.6754377036	-24.2006040905	-23.7260512365	-27.3163495862	-20.7896422532	-17.5534627157	-14.7402676531	-10.714256403	-11.8912648868	-37.7178586166	-25.1562174407
589885915_old.mp4	-6.16264671951	10.5156993465	-51.1135965554	-46.9906896689	-46.2511139525	-51.7450862451	-47.1484683106	-45.653595523	-42.1237866758	-39.183486341	-9.39766062843	-43.306716422	-40.8799599315
535539246_old.mp4	-1.65327723432	18.0481075426	-40.6318074048	-33.4606323416	-32.5400554094	-41.7270426379	-33.2436545529	-41.4177584683	-37.7066634843	-33.9145248288	-15.6108443357	-40.1625215772	-32.5796704454
495335220_old.mp4	-2.68542482396	1.51848534437	-48.4958957828	-45.3454396783	-44.6720197918	-47.0202825115	-43.2547138735	-46.1302262753	-44.8704801572	-42.4016286388	-18.3544630434	-48.6478931401	-43.3592716119
588542893_old.mp4	-11.7129981129	-3.60321334167	-44.2860986555	-38.3106739938	-37.2785749154	-41.1848779028	-34.3952596606	-36.3390625849	-35.2822672098	-29.6758573332	-19.5567502573	-45.5569301214	-31.7864609793
344216044_old.mp4	-14.5176527572	-4.81257205202	-45.9156363521	-40.3571842139	-39.6633648879	-45.8191127907	-39.7793640661	-39.8556801791	-37.5280014865	-34.5650386985	-8.49010708558	-29.8315854979	-30.2517168611
573903512_old.mp4	-14.8709303017	-7.77038065989	-41.4603076019	-36.165476438	-35.5098514824	-39.2071955564	-31.9442471953	-41.7527393387	-39.5775546938	-34.8364901305	-21.9508211501	-43.3052532099	-33.5404229905
628516967_old.mp4	-4.75107708761	8.46030609029	-43.0528950399	-36.4015314152	-35.2104423247	-43.0370879934	-36.0837011357	-38.02025161	-35.7621726019	-32.6761651753	-15.6367627998	-39.5152522459	-36.393972905
570220808_old.mp4	-0.59050724993	14.6089027927	-34.6617370721	-26.9965340077	-26.2678900503	-34.382305416	-24.7681330737	-31.7320696745	-29.2815100289	-22.5521293875	-14.5104038622	-34.7468678315	-25.7281605645
552841398_old.mp4	-18.313579198	1.74543506715	-58.5047026551	-51.922268917	-50.8582129978	-58.2360053743	-50.8338099794	-49.0247310815	-45.9086379521	-42.2434512522	-15.4920253732	-47.9495240595	-44.9885663846
425420496_old.mp4	-4.55705118188	7.24698327174	-38.1876014241	-32.1643851054	-31.1013495324	-39.0980303641	-31.806405881	-34.526248422	-33.3938200113	-26.4552956107	-13.4585870571	-36.1525688581	-25.6177828351
555252407_old.mp4	67.2556555131	69.5884720722	-32.2305618732	-27.0475134358	-25.6474742721	-30.7839432127	-24.0399376305	-18.8161511806	-13.7670625018	-17.6894628651	-16.7469512554	-16.5741206476	-17.629473609
418496749_old.mp4	-5.12934040054	13.3221162131	-37.7409713772	-32.454532438	-31.607012587	-36.6188412429	-30.2948888276	-37.3895904678	-35.1669459371	-31.5939495343	-13.3123888285	-37.1728087796	-33.2645686801
543499635_old.mp4	-8.21841675546	1.27679632242	-46.3605882542	-41.6156487427	-40.7983455802	-42.6354614714	-37.0088312745	-41.6144217983	-40.6178767507	-37.987784603	-20.4285646063	-44.013048206	-39.6949255954
469053867_old.mp4	-3.62329691192	14.424082589	-41.9891947656	-36.84872141	-36.2782937187	-41.7780349218	-35.7153949667	-41.5015997753	-40.2665905207	-38.3377917302	-16.9361924988	-39.1853510253	-36.4066981525
VID_20160715_194255.mp4	4.43311530101	15.2931630203	-41.4756668806	-38.5810008736	-37.6649812183	-40.2868458294	-36.6766054347	-38.9109486371	-37.2466128563	-34.3293381082	-10.4921272764	-36.3895222088	-34.1490539426
547133225_old.mp4	41.6325038864	53.3400333498	-40.0224058612	-31.5877073994	-28.8668888878	-38.1636991823	-25.7784972955	-35.9979552145	-33.8069523368	-27.1623373741	-10.7545615927	-36.657554983	-32.7657106527
505770157_old.mp4	-6.74791107065	7.57320123097	-42.1667252329	-33.9173174955	-33.0305841072	-43.274289486	-34.6552789295	-38.4312246187	-36.632031535	-32.4300202231	-16.6465776853	-33.4316348114	-28.0505287647
529661103_old.mp4	-14.7248266478	7.00824117049	-54.0352212726	-46.9632877569	-46.4964879332	-55.5940178778	-47.1338734042	-54.2356146844	-51.9289338619	-45.9552131616	-26.2481042421	-39.631738462	-50.7775543508
564336933_old.mp4	-13.1434430543	-4.43058212735	-30.6296502585	-24.3127901687	-23.7955654602	-29.3407804718	-22.239845422	-30.5777183846	-29.1300822352	-24.1858192744	-17.878113739	-32.6340375522	-23.8454872378
563587085_old.mp4	-4.7988087663	-3.90550075719	-48.2789414583	-36.3375286408	-35.5020502179	-47.8089068198	-36.2000744575	-37.3085394391	-34.6839245274	-30.2303840308	-2.00331772848	-23.5635427024	-17.7891076724
359124590_old.mp4	-13.727856477	2.12614270274	-49.7682003848	-42.9788418564	-41.8727222358	-48.0587009516	-41.2262513682	-44.3493467571	-41.5644453725	-38.797930958	-3.70318712547	-28.5389963966	-25.8116699024
VID_20160722_142835.mp4	-7.79600027506	5.02155205124	-44.5345598353	-35.0221716332	-34.8535323502	-44.8993013073	-35.6698800941	-41.1582255156	-39.1461461435	-34.3400212567	-20.1650800122	-44.6527996041	-40.2889416403
403508241_old.mp4	-8.04071163507	3.86600793184	-46.3141724605	-38.4125287843	-37.3631074628	-47.9870532218	-39.5059416108	-38.7336344791	-35.8132904956	-32.6753244249	-5.13335089462	-29.4957430436	-26.6979348491
380455893_old.mp4	-10.0703692137	1.16583597453	-43.1599406079	-38.3627037931	-38.0843927061	-40.8920949688	-35.502115455	-41.699046547	-41.3928428772	-37.3559840196	-15.1636137372	-46.3390142706	-36.8950065236
553482986_old.mp4	-4.20809476169	8.75245344734	-46.5968552771	-41.4318134281	-40.4141604078	-46.9874589796	-40.6111343511	-42.6963262955	-40.7281697017	-37.8819093588	-17.3336255828	-41.9847711325	-38.2459680405
407244002_old.mp4	-26.7810975166	-10.2923384777	-70.4753966076	-66.2044527781	-66.0561351061	-73.2031806127	-69.3807359611	-70.3930189363	-67.7239368317	-59.9805241677	-25.2004745088	-62.2414491548	-66.2774357006
601955001_old.mp4	-7.56797862549	5.61685230446	-33.7019644304	-26.8868513737	-25.8962821642	-34.6131982015	-26.9256743041	-36.8828372972	-35.1994381826	-29.4711753005	-15.2262598002	-34.0205407862	-28.9801794791
506145092_old.mp4	-4.06799264396	17.1004986318	-44.0654618944	-37.7746457105	-37.0645773778	-44.5878432968	-38.1844678262	-42.3103437002	-40.517543229	-36.1220529346	-13.1144703443	-40.9616490017	-38.0011141374
570133587_old.mp4	-8.56486374995	5.06034479884	-38.3535210438	-32.0378347148	-31.3648962327	-39.3764954409	-31.5131599967	-36.0708729828	-34.3040102265	-29.1888764977	-16.6154225911	-39.8672331827	-25.6167189799
436258524_old.mp4	-12.2750720407	-5.00737904014	-50.386563408	-41.0922221753	-40.0588254005	-50.5847492707	-39.5954199931	-39.2196640212	-35.5691224767	-31.8467592979	-18.0760312621	-36.8747689217	-35.3904924005
555410317_old.mp4	-6.64235749929	8.61998149849	-48.6966531505	-45.1750476025	-44.2228034341	-48.7192841243	-43.4913615076	-41.3657603655	-39.4234805594	-37.5816266796	-13.4026779112	-39.7567875062	-37.2335530004
557155111_old.mp4	-12.4872370008	5.14581272487	-44.9127083575	-39.4673747745	-39.0707216409	-44.6546472048	-38.2825006084	-43.6660489142	-42.9422449786	-37.8948194845	-20.4290299268	-41.4605437228	-31.2707152057
408248252_old.mp4	-2.69205110439	5.20259026983	-60.8020809112	-55.5453437076	-54.5444026487	-60.4514507888	-54.5007019482	-53.94800698	-51.4374390197	-46.9334097753	-2.74089947496	-34.0185199145	-34.0890854615
392130307_old.mp4	-6.32415859147	2.7491132936	-50.2659977663	-45.6171793779	-44.644107343	-48.7965956895	-43.1732903942	-41.710079266	-39.4243368988	-36.2933366315	-10.9021922581	-39.8687834605	-37.9037610565
583934377_old.mp4	-2.76378998218	14.7128397733	-41.4433500245	-32.6778254143	-31.6442630841	-41.5752400072	-31.6362467296	-26.0562323405	-22.7023163295	-17.6718687036	-13.1277199325	-27.8175431322	-21.1974044491
634215543_old.mp4	-13.7765766173	-10.7140722933	-27.1735107894	-20.5120937366	-19.2320498237	-22.2810054631	-14.1342438896	-12.2635751491	-13.3572602144	-0.6941422039	-23.8740655202	-36.9760848478	-1.69219201969
550395035_old.mp4	-0.793557896263	11.0491512673	-43.8710959175	-35.2419298447	-34.1819102163	-43.2155099876	-33.1759245285	-37.610295537	-35.1493126578	-30.0391949497	-11.9615133603	-25.56537465	-18.5327849586
526769494_old.mp4	-12.2265204399	5.76707416153	-44.5775326433	-34.0146683811	-34.0666404504	-43.5140850903	-34.8833691808	-38.5759080436	-36.438214038	-30.3328227959	-20.9758226997	-41.3062514873	-27.5089710904
633164147_old.mp4	-9.54042077189	10.2888309286	-48.0411868654	-39.8561130567	-38.9224461566	-47.6597331196	-38.6749750288	-44.701096767	-41.877025721	-36.6216859988	-16.2579117362	-42.5888372781	-36.3771103326
543158963_old.mp4	-6.60071900587	2.52274773083	-46.6989543177	-41.8255059795	-41.2763928725	-45.3257449629	-40.0360866329	-46.7990576673	-45.3922895149	-41.9895411762	-19.5904362302	-47.6405713243	-43.0891435847
633504840_old.mp4	-9.32199569464	2.57973661329	-54.8306120845	-41.5922106264	-41.2846081183	-55.8479788853	-42.0110841008	-46.5292273952	-43.9156019153	-41.4981569526	-22.6794892844	-48.8192771881	-43.2599928443
425421220_old.mp4	-3.63973001422	6.18962546903	-33.0343120238	-27.0324591373	-25.7493694186	-32.5062853539	-24.2753106668	-36.7195127153	-35.0553685418	-30.2823911592	-9.66694257354	-34.976616434	-28.9210410679
406050626_old.mp4	-8.06313030648	0.0373136347589	-54.9904727219	-48.946116555	-48.5231782662	-54.4591768407	-48.1570852208	-48.6531434202	-45.7764460677	-41.0966270712	-15.6460111298	-40.8951987806	-36.9189870092
553070632_old.mp4	2.61846673372	9.50463252924	-44.6105036047	-38.6535447234	-37.6380727045	-44.1703250281	-38.0218607141	-39.8075491685	-37.2118780686	-33.1481410695	-11.4629519776	-37.3052901912	-31.9152934019
516769805_old.mp4	-10.6007459465	-1.52610037725	-42.9725819189	-37.4121385182	-36.2277352165	-44.761055186	-38.1326282741	-38.6983871139	-35.8456133663	-33.3823240592	-15.4257324135	-34.2004989658	-29.4617476111
467272754_old.mp4	-4.18690383259	4.60019039446	-41.4868766664	-33.1181700165	-31.8462398455	-41.4488955126	-33.001470388	-38.3350098394	-36.2904651794	-32.7349003574	-16.1854222753	-34.6591451713	-27.7367861433
409212030_old.mp4	-18.8851410041	-7.51796050726	-70.2967103605	-66.0040701942	-65.4632393231	-72.5775934636	-67.8140909179	-66.3401488247	-63.6216818224	-54.0511436246	-15.8140864368	-58.6499305205	-60.1679962916
425432468_old.mp4	-8.08351606175	8.73563303774	-39.8787447047	-32.346205061	-31.565264551	-40.1975396796	-31.4679418395	-38.9514730075	-36.8728214369	-32.6373649361	-13.6117437213	-40.2248303125	-30.8232710678
613501533_old.mp4	-5.06403504	16.9097287407	-34.9862875188	-29.0941987251	-28.2246955286	-33.8881861151	-27.4682715956	-26.6982460565	-26.5852735181	-22.7758059018	-15.5681902589	-38.5219673724	-28.895352264
642054048_old.mp4	-24.8213100965	-20.3682784138	-46.5032373793	-40.5605785748	-39.4514102469	-46.4914785028	-38.8568646752	-45.0834378184	-43.4408025423	-38.3244621195	-29.029951418	-48.9417370902	-31.7277202179
369534788_old.mp4	-10.5031034532	3.51913988904	-52.8874281302	-45.2650908933	-44.8015355376	-56.528566518	-47.6298061748	-47.3200451672	-45.2296581586	-38.1689013174	-23.4667943665	-46.8590028363	-40.5594401192
411100207_old.mp4	0.722825129914	17.4773381471	-30.3305359634	-23.8704927984	-22.789977301	-29.3688227736	-21.1854541043	-29.4882619993	-27.1269561882	-22.7925344389	-12.8712948035	-30.2489330796	-25.9918877734
406989920_old.mp4	3.00616904142	8.35301065999	-50.9291798487	-43.3321052051	-42.3058797524	-50.7176930718	-42.8429549435	-48.7385828884	-47.1079326595	-43.7453447929	-14.2382658716	-44.2506680034	-38.201877376
506139782_old.mp4	-3.06262986238	10.5718977347	-61.6365726613	-56.1467983951	-55.6684850865	-61.955314301	-57.0163923733	-61.097153033	-59.0362800805	-53.4823818793	-9.88016249206	-59.4410967979	-57.8318874162
VID_20160327_161228.mp4	-2.59914769157	4.92118659979	-27.6194295629	-22.6659820346	-21.8813233425	-25.4495120171	-19.7259600707	-29.1254874098	-28.285140655	-24.9596743722	-17.0795859383	-35.8564300019	-27.3433236625
361885800_old.mp4	-11.6666686393	12.0607290298	-48.8733957961	-42.0696897357	-41.1804856622	-48.7540067743	-41.3536412877	-39.6315133997	-37.7845285375	-33.1030373572	-13.4872999289	-40.2272695265	-30.6565560254
481580377_old.mp4	-5.0229437387	5.22506557786	-44.9701666336	-33.9387594949	-33.2463221373	-42.3830604562	-29.7330840469	-43.0943988128	-40.3535320518	-36.0356991646	-17.0811886937	-35.546401208	-27.5409937978
406044533_old.mp4	-10.4461698449	4.19766963027	-61.2937948032	-53.7983425322	-52.5951934065	-61.8661189751	-52.8311608775	-55.6423756687	-52.0675797422	-46.9912421992	-16.9697635714	-46.2490846182	-41.4836173209
VID_20160320_134608.mp4	4.41238499301	18.4707761597	-33.3447187162	-24.5472114863	-23.7933846458	-32.0496017085	-21.9790992611	-35.0724225228	-33.0386165002	-29.974324638	-19.8572479229	-36.3707670243	-30.8952488758
540633833_old.mp4	-6.63390545897	16.4226689944	-48.9566207441	-40.2869463125	-39.3611687368	-50.0995751845	-40.699617814	-45.0424000926	-42.2182050173	-36.6235414646	-16.910166335	-43.3905853839	-37.7036884319
425489087_old.mp4	-11.9996069602	4.62573860482	-50.4878624541	-46.7305906856	-45.8840205564	-50.3166507265	-45.1392792402	-45.1896485375	-44.2662140261	-41.2362410059	-19.366600404	-44.0168944615	-39.4837692681
370577018_old.mp4	-6.25019177259	13.5244848883	-35.5707709232	-28.3912872313	-27.3147372184	-35.7644573301	-27.519565349	-34.0163204586	-31.1258834952	-27.3634267616	-16.8245920984	-32.3464361974	-26.4436614504
514519202_old.mp4	-12.1226586903	3.60624782476	-51.4939326004	-43.5580781497	-43.0081353839	-51.8743285614	-43.8221493027	-43.4935978065	-40.87134296	-37.3858573002	-14.8412313413	-39.8403600708	-35.6353809551
422113194_old.mp4	-16.3043015638	2.29380844598	-67.2733557067	-60.4019908862	-59.6114435029	-67.1797338956	-59.8581744331	-59.2267369503	-56.1253127925	-52.7446047013	-19.5984109492	-54.1832689103	-43.0335662092
369562698_old.mp4	-3.39822679952	10.9220441369	-36.5364689049	-24.6812595191	-23.3188553033	-33.0770536808	-19.8090167508	-29.881049254	-28.5478405134	-23.1138947369	-15.0977077598	-24.3000974624	-18.5065860458
512380730_old.mp4	-3.16219707967	8.74795562919	-37.3990800715	-31.4911834034	-30.1081123473	-36.9188424701	-29.2373785987	-33.8810727117	-31.8602718288	-27.8552441469	-15.7031318543	-32.2442992912	-27.7375434476
602936084_old.mp4	-9.05961266424	-2.3092353927	-29.2528488034	-23.8430799874	-23.0669170139	-25.5753217031	-19.7298669742	-31.2964699542	-30.3439469647	-27.3645994741	-18.249466815	-37.5803760473	-26.2814042381
409155050_old.mp4	-17.4806669601	1.45607135296	-64.0863270442	-58.5761640515	-58.438779117	-64.2209874166	-58.1317921184	-58.290750045	-55.0759618066	-50.30639949	-15.4277699755	-52.5627068301	-50.8889486915
399502311_old.mp4	-0.284743716143	13.1300305923	-31.7160174192	-25.4321373045	-24.5918996217	-31.5820519456	-23.3380283349	-27.3483854713	-25.3764854472	-21.2795305455	-14.9044917897	-34.5919316686	-25.7169392767
409859000_old.mp4	-1.97766593674	7.23447608993	-52.6467538305	-48.3963066726	-47.8297469275	-53.6563846494	-48.8376751805	-46.2496978023	-42.2670940448	-36.1008844259	-6.92050106646	-38.4528273018	-39.1137363298
546434776_old.mp4	-1.85347064657	18.0924208747	-41.9708517478	-31.9563661422	-30.448191381	-43.8212805175	-31.6922130622	-34.9449421067	-32.7028631129	-29.2144185474	-13.3273125764	-30.8310351504	-23.7458780529
527166522_old.mp4	-2.86789618593	6.03890136801	-44.0654958226	-35.8420043093	-34.7481272771	-44.2751062806	-35.9490922359	-39.5046805994	-36.6955533083	-32.8791450605	-10.7735490939	-33.9902871074	-28.6408020981
397972425_old.mp4	-7.06280737082	3.4309343594	-43.831191566	-37.8784381815	-37.1982834254	-45.8313597304	-39.6764740152	-36.7878844499	-33.9988444345	-30.5039599036	-19.1200065833	-39.7444445284	-30.0857728827
419763750_old.mp4	-1.69957698149	14.8985251651	-35.639533912	-29.7650429924	-28.6005938474	-35.7763545531	-28.3513197448	-33.1266378379	-30.7451466121	-26.0366620477	-14.8791742752	-32.9217697262	-28.2867662042
448634909_old.mp4	0.563870220509	13.3860807973	-51.3214031694	-42.9207215855	-42.1448535972	-50.8689732102	-42.9813491812	-47.8584876991	-44.9649482672	-39.723547963	-11.7763174011	-47.1864292055	-44.4303667653
VID_20160801_115407.mp4	-9.04816851539	4.2889331301	-53.6059668317	-48.4019995157	-47.3977632253	-53.5516550642	-46.801179273	-44.3297400453	-43.5644114648	-39.2536196428	-18.6203618135	-42.3336701046	-33.9961566342
482295561_old.mp4	26.8241212185	28.7828845546	-44.8948580694	-31.0779949097	-29.3253970562	-44.0237381867	-32.4156377258	-38.741354294	-36.0337740123	-31.7024580451	-8.88505383639	-29.9916464757	-15.4149224753
589049835_old.mp4	-9.53043569116	-4.73848633435	-48.5124090066	-40.6161729954	-39.9058427732	-48.6641427098	-39.9060367597	-40.8556620502	-38.7340171465	-33.1235276014	-10.0250961817	-40.8712902646	-36.3790473122
619526778_old.mp4	-3.48788781118	4.93531333759	-39.0919474671	-32.082973957	-31.7849921917	-37.9575716151	-30.9671544805	-38.8637448262	-36.4224358042	-29.1758290724	-16.7653982215	-38.6123261033	-28.8597357636
424417433_old.mp4	-11.8893800123	17.5409478059	-46.0008208642	-37.3385306551	-36.5340886006	-45.9605840152	-37.2250400956	-41.7332340524	-39.2377220553	-36.0771713871	-20.0063925157	-40.1585706944	-32.5186291546
558978468_old.mp4	-8.46196307034	15.9316237357	-54.0660795139	-48.3639837902	-47.3260179485	-55.2337829363	-48.3251134806	-47.3734627347	-45.2121615469	-41.1192133956	-14.3457304248	-47.2454720482	-42.6517599008
498201057_old.mp4	-6.21561340024	7.2801263242	-48.780648489	-38.8962897553	-38.2562898328	-47.6748081745	-37.9224549978	-44.2858687217	-40.7904677121	-37.3536138385	-11.2341367724	-30.3173006199	-25.1859173953
VID_20160110_114231.mp4	-3.10058093494	5.66063460193	-31.3001257832	-26.3712681244	-26.2308064253	-31.7800951309	-26.1292788907	-34.4039499901	-30.9192081102	-29.8140381133	-19.2214860019	-37.4256722532	-32.3731749928
345910913_old.mp4	-16.0882126111	-0.070286510745	-53.6701651652	-48.767826896	-47.7710388095	-54.5410515025	-47.6972992487	-44.9765354372	-44.2822119083	-41.0888732088	-17.1651246935	-45.7238818619	-40.3673235903
409272834_old.mp4	-14.1357077237	-1.06209521569	-66.7413464459	-62.2445559372	-61.5804966029	-68.4599695664	-64.7950284576	-63.3654920999	-58.9089465556	-52.172605703	-6.3907911365	-50.8311592794	-54.0674359847
476028078_old.mp4	0.948567160199	12.4045626861	-46.5935223346	-34.2275991316	-33.1057315894	-45.3192627393	-32.1054292739	-45.6098633121	-43.2696336971	-39.2088719094	-16.8172184742	-44.2565654535	-36.7036690919
409097196_old.mp4	-20.0775401092	-11.1748624399	-70.7029521469	-68.0848486572	-67.5781983215	-70.9909945655	-68.1276525626	-69.4738114828	-66.8665235213	-62.6562759253	-20.7993846456	-60.502682431	-62.0224594676
497715366_old.mp4	-4.79341412263	-1.64689177656	-32.408961532	-27.7205365895	-26.4726171781	-26.83639347	-19.2079401802	-27.332126525	-26.9103490565	-23.1539474224	-17.7382102767	-35.6287425896	-19.1692632273
482713873_old.mp4	18.6286208571	23.5903064869	-39.7078669035	-22.3117494504	-20.3361090196	-39.8304047444	-26.8919474528	-41.9223165133	-39.7313029271	-35.9457107503	-8.85886472548	-36.0375895802	-14.6265508678
412468317_old.mp4	-8.19200421818	7.22145144431	-35.2987322405	-28.7978802238	-27.8242350425	-36.0711207675	-28.6154876574	-38.0718989633	-36.1199206472	-31.3577739176	-13.5777256771	-36.0313055386	-31.2456572016
626659876_old.mp4	-4.79919555175	-0.274942012815	-49.4614659073	-42.8693951575	-41.5931160037	-48.6175218981	-41.3840070798	-42.9714374107	-40.7465442593	-34.3121763208	-10.0837864704	-38.9676608692	-35.614815698
409201858_old.mp4	-4.96301557496	7.01159656733	-45.2579569478	-38.1466820745	-36.8419146136	-44.3810740688	-35.8590307398	-44.015689113	-41.7813604233	-37.4572549762	-17.4109514825	-37.4010076633	-33.7461354756
643150319_old.mp4	-11.8727393486	-1.91753322914	-38.9120989576	-31.8847619181	-30.9778484893	-37.9954760535	-30.1752648777	-37.0514872117	-36.0526518829	-31.772051309	-19.1059731846	-36.49482579	-27.2149299748
391384296_old.mp4	-17.7978783452	-5.87542426901	-46.3928540711	-30.2871267465	-30.6522841263	-45.1036855907	-29.7836985883	-39.8661300283	-37.0754038655	-31.4723383452	-19.3529245359	-25.5637372842	-10.7776165379
527323945_old.mp4	-1.92172426962	8.24077243873	-39.3533070129	-32.0860339744	-31.009563763	-39.0312772153	-30.8293724315	-36.2466886601	-33.9922132803	-30.6767042525	-15.3523637414	-33.0406885691	-28.3358982506
410079619_old.mp4	-11.5661027533	-1.97132124648	-48.0195151162	-41.8642148943	-41.196526748	-43.2020445098	-36.6389710587	-46.3761329041	-45.0147322383	-39.9691860867	-12.7570435268	-41.8425912453	-37.9801971222
VID_20160429_093924.mp4	3.6904234283	14.6937283142	-25.7438928053	-20.0111162151	-19.2067650776	-26.5836537703	-19.8111555203	-26.6524876015	-24.6922536597	-19.4105366268	-15.2816807363	-32.6698464525	-26.9889606298
403498146_old.mp4	-17.0399858404	-9.52458345561	-46.0904772503	-36.7254245326	-35.9109138018	-46.3834377694	-36.4145786294	-36.1520534904	-32.2689460523	-30.3495977462	-8.39055486957	-26.7929693589	-23.8901874986
431602348_old.mp4	-3.55355533068	11.9274449539	-36.5283465297	-31.128298541	-29.5284647765	-35.42456447	-27.9569282269	-33.6555158307	-31.7436442301	-28.6183230489	-14.0051513446	-33.1096593353	-28.3483462087
480671223_old.mp4	-8.14427197171	13.3808637145	-40.4649449855	-34.392972727	-33.5517664127	-40.2803604164	-33.4611142724	-39.4369783847	-37.4213928098	-33.9312159626	-14.5175867873	-34.7062072689	-33.0636015719
512790190_old.mp4	1.86606058576	13.0477548517	-32.0460545084	-24.5326039164	-23.3899998945	-31.8028373706	-23.0553455259	-29.8701944934	-27.9018556285	-25.411241649	-17.7504419673	-25.5931431261	-25.0910610392
482714293_old.mp4	-4.98433429973	7.35580499295	-40.5280427085	-33.0601172959	-31.9417158881	-39.7782898454	-30.6379021736	-38.2348487389	-35.9532955332	-31.3275408412	-15.4297485663	-34.0409964054	-28.0445326385
358717984_old.mp4	-10.1662713317	13.2464885429	-47.3037867384	-41.6450713273	-40.79622607	-46.7776261736	-40.3468215146	-41.0801674563	-40.7005009562	-34.0329340799	-17.8179112141	-45.3290063862	-32.2592582445
356542441_old.mp4	-12.4761175394	9.72026473932	-43.5186398001	-36.4897195263	-35.5830313605	-43.1857969299	-35.7502372364	-39.601042096	-37.4579833767	-34.3411631978	-19.3707906372	-38.1028646348	-34.129936613
540383076_old.mp4	-9.30062652254	11.0572555519	-53.6322867335	-48.0795979517	-47.1906103017	-54.1498630717	-46.6725506	-48.1665474062	-46.1950222468	-41.9707816075	-17.2509948179	-42.2906936269	-38.0516644004
418076815_old.mp4	-10.29904126	12.3711878963	-41.4122865888	-33.3200611544	-32.4804123224	-40.0977859559	-30.8293185455	-38.2923293501	-37.0317364274	-32.7743117737	-19.2710879625	-37.4067099466	-29.226604886
415084503_old.mp4	-9.28826209041	-6.5964501918	-47.4034530819	-35.6232304832	-34.8967408086	-43.2993599232	-30.4560501309	-44.9578235722	-41.9129367952	-37.282082509	50.827675376	5.46429195124	7.14310367055
370501994_old.mp4	-6.83734035229	7.82393123745	-39.7818612342	-33.5058162372	-32.4572091939	-39.4678476629	-32.0233667653	-39.0378838936	-37.0207834704	-33.1081708518	-17.4303810599	-33.6078140368	-28.2612856536
409804033_old.mp4	-27.821550977	-16.480231801	-74.5247272226	-70.2014602946	-70.0065225191	-75.5836225722	-71.9646735818	-68.838915934	-64.8739984131	-61.3775873077	-18.4533834748	-60.2863792303	-60.056206087
465718032_old.mp4	3.02560154164	12.4381674615	-38.8512247257	-32.01251914	-30.73901534	-37.5504570798	-29.597975887	-34.6947924611	-32.8626687051	-30.525937873	-13.7251418349	-34.7499615959	-28.7341129531
VID_20160316_202252.mp4	-7.27723346939	10.3948255363	-46.4855648664	-40.5024623258	-39.7546794463	-46.6725068555	-39.6692440169	-41.2374941142	-38.6968631981	-35.4936798836	-16.3188665686	-38.7001712272	-34.0642935487
369791432_old.mp4	-2.40374793423	10.6557565777	-31.6967057938	-23.8564041951	-22.8409107788	-30.4764382764	-21.6832252645	-38.3158874432	-34.4882119504	-27.8022748005	-15.9325210112	-28.0822735445	-23.3006651443
615718380_old.mp4	-7.9042483821	4.52060699826	-36.0277978879	-28.1728344771	-26.4320139257	-35.9684394374	-26.595459218	-36.8674925386	-34.249276661	-28.9843383821	-13.9927039911	-33.6247810294	-24.8792206552
406997311_old.mp4	7.67609300504	11.7165416418	-56.1340106354	-51.6677085851	-50.6979129158	-55.3827894313	-50.9185395028	-53.656435045	-51.6668321162	-48.3269604241	-12.2835112354	-45.6991884513	-40.44152732
527147408_old.mp4	-6.97855285316	17.3909194682	-48.3678256817	-41.2447925515	-40.0093869443	-49.2995164353	-41.438505946	-42.725090475	-39.8983322381	-35.9999212285	-13.3336769017	-40.3945778282	-34.4410029185
380506614_old.mp4	-11.4038491658	-6.26745701755	-46.2693054963	-40.1056966534	-40.2819427201	-46.850688167	-41.5016141673	-45.0608257183	-43.2309973498	-39.4195817512	-20.7704030623	-47.7005180312	-32.6768755936
337964089_old.mp4	-5.91563948505	-0.139043268836	-33.7180239282	-27.7203772388	-27.47319013	-32.0445504656	-24.859246459	-26.2739320474	-21.8154546291	-15.3968472069	-16.5821499017	-38.3044940067	-24.3610134258
523476808_old.mp4	7.40137402509	30.1409850998	-37.5909169654	-33.0412377756	-31.6219067938	-36.9527131773	-30.9806387722	-34.5407676695	-30.9929416093	-27.367704793	-7.34479960322	-32.8098289706	-26.8075086884
334449090_old.mp4	-9.91685907029	-0.568913266333	-44.610835678	-40.3676700533	-39.4428217378	-44.848681853	-39.2329726259	-37.3931222275	-34.7683283072	-31.2030165787	-9.2189897416	-30.5908854338	-28.2174984596
589014213_old.mp4	-6.50308789583	9.43485236115	-39.999784449	-31.3924866387	-30.2436605424	-40.4812942389	-30.654269366	-35.0509136678	-32.0230339519	-26.0504046173	-17.0321312341	-33.2460370859	-29.6383705362
431598674_old.mp4	-7.48408124474	9.57928065402	-38.9275543944	-32.1864368963	-31.1685547684	-39.2109041274	-31.4693532361	-36.7310301695	-34.7266388297	-29.302678674	-13.2510986655	-35.5932970249	-30.5498989457
370077987_old.mp4	-5.21939963899	8.2130091142	-34.88531467	-28.4943970427	-27.2214725745	-34.176915357	-26.7327782462	-33.3671157845	-30.9963895037	-27.7659997649	-17.8771318307	-29.7291042463	-26.0844476449
519086073_old.mp4	-10.4898368182	8.33925982752	-53.1115937789	-47.683789512	-46.8109367224	-52.8704054619	-46.1730694876	-47.1137533722	-45.4711477688	-41.9303008207	-16.8034028718	-43.9969239617	-38.3703224377
408356380_old.mp4	-13.3778116805	1.630925788	-67.7725977093	-63.047392551	-63.3449851733	-69.6006899031	-64.2660885342	-62.925902806	-56.2048636771	-45.9627757557	-18.6466880726	-61.2009064415	-63.8468494074
512089056_old.mp4	-19.5704419725	9.18862336332	-60.9836076939	-56.0118903147	-55.4513414681	-60.5409829297	-54.5210763117	-55.2780934578	-53.366997417	-49.3313578597	-24.4102548252	-50.0361335532	-45.7791727596
551532341_old.mp4	-0.397499838896	5.40269066218	-32.6322337009	-27.6270938816	-26.6580888207	-29.480580303	-23.4225214898	-25.5096866585	-22.9236667436	-17.1229423939	-10.1663065032	-27.5811527947	-13.535503297
626153833_old.mp4	-20.6389104617	-14.931006776	-51.0527771282	-39.7489756983	-38.2361481004	-50.4364915278	-38.0831400855	-50.5777888619	-46.2689576489	-38.3267980582	-11.3735820778	-39.6230447526	-34.8370845489
503723478_old.mp4	-4.0318054343	8.21238029201	-38.4413541166	-33.0692446007	-32.1309001931	-38.3916589275	-32.3730324548	-36.208420484	-34.3453656081	-31.3543504593	-16.1190688947	-35.0982606507	-29.8537054314
519939047_old.mp4	-9.15145583177	6.29746854755	-35.6621240554	-28.075997693	-27.3721358647	-32.3668841472	-24.24853946	-21.2860966077	-22.250163116	-11.3715391478	-24.3423807736	-40.2607763028	-20.0274475169
573761141_old.mp4	-5.16157301679	19.1804297555	-39.284370355	-30.8834066468	-30.3862538129	-39.5752115715	-30.1853905252	-36.496834515	-32.4927547232	-28.4635401727	-12.6668232404	-30.1520521738	-24.7508156276
528665861_old.mp4	0.20616344116	14.6666500619	-32.1037599727	-26.1037984695	-24.9737495586	-31.9900519223	-25.2614002602	-30.7381534849	-29.0953252822	-25.7226954449	-15.6885641369	-31.5338738691	-27.6368172555
381987280_old.mp4	5.20754495345	20.8825690072	-40.7534444654	-34.4693073565	-33.5603492151	-40.7781393254	-33.7350379393	-33.6313683005	-30.5734232227	-26.2176162817	-17.1109435511	-39.3040475438	-31.1953512192
590867884_old.mp4	-16.5236064545	-10.3178973303	-45.4727044046	-40.0132892772	-39.4949832616	-45.1179266614	-39.1866639119	-41.1052580777	-39.1373834103	-35.7758442264	-23.0467732385	-45.1725320498	-29.9806988059
567053602_old.mp4	-12.9478480763	-4.69715015473	-50.2417175741	-42.6402428175	-41.4429735956	-50.5654574878	-42.2421326504	-44.6449554897	-42.3940168957	-38.8240746166	-12.382604565	-31.6826667153	-22.7645005614
406998524_old.mp4	-35.3354971208	-19.6896518676	-72.9368972067	-69.9739219715	-69.4752827841	-75.9299069279	-72.8879336291	-74.1092529047	-71.1418345262	-65.2365039815	-32.8758803001	-66.1100169569	-70.3339142414
529732273_old.mp4	2.66286189944	11.5202230782	-11.5146161544	-1.09698989457	1.23149140465	-11.9364075673	-0.299283457734	-25.8608753348	-19.0596991031	-12.1468477073	-17.2457445502	-16.0159810066	-12.6605354019
391164745_old.mp4	-11.986000006	9.1720481281	-57.1958821399	-53.0936141461	-52.1259146741	-58.1132511432	-53.2801537225	-48.8539067729	-46.4317279397	-43.6602779286	-16.8061686431	-49.5292398512	-45.9772894696
VID_20160805_163305.mp4	-5.99557071719	6.22131832254	-36.7449096957	-32.5784235415	-31.6298796096	-36.7985432168	-30.9433020284	-38.2081921879	-37.1529943874	-33.0006502021	-10.6436926993	-43.7518743693	-39.2586786831
408243469_old.mp4	-22.8187505296	-2.39078255446	-73.61541589	-70.4488774157	-70.1713693663	-75.126915872	-72.5000326232	-72.6993335662	-69.6990113558	-65.3788515394	-20.677228617	-63.6758832163	-66.8534326126
607606389_old.mp4	-12.9598989091	-7.71516547617	-61.8355464426	-56.8390356389	-56.4486230951	-61.4202261685	-54.8607888347	-57.7487445625	-51.0654748357	-45.9536318244	-25.1692289866	-49.8265520835	-44.6025723366
573911023_old.mp4	-10.8908287369	-0.959848125102	-39.0135049859	-34.1860131499	-33.0178109732	-35.7770338431	-29.3761640769	-44.1876111947	-42.7673286888	-36.386015966	-21.9000217566	-41.1166312639	-35.0099646073
482301332_old.mp4	-10.7554704631	-1.07644817572	-44.6629825571	-36.6775732538	-35.1724408073	-45.2536423181	-35.7503077223	-42.3278043357	-40.3951936581	-36.175476446	-15.6389119596	-35.8346810337	-29.7414304136
468687740_old.mp4	-8.56732140063	8.15179385155	-55.9708231742	-51.6296863195	-51.0338703394	-56.3918250153	-51.8503680077	-46.5144046942	-44.4579481746	-39.9962905964	-12.7686901326	-43.1066452205	-38.8551191719
636598755_old.mp4	-12.8479814867	1.32479320947	-50.8970629362	-42.140772015	-41.5672564563	-50.9150102436	-41.7003716064	-45.4654056771	-42.9354081243	-40.7000628256	-18.0451400631	-42.2017673697	-37.009143676
636368326_old.mp4	-8.43687472359	22.6514813732	-37.638892028	-30.3359405119	-29.5223727596	-38.1329676416	-30.2716654191	-33.4864995737	-31.7762849965	-28.5384334083	-16.6981485022	-33.9078448484	-22.6619679399
362439656_old.mp4	-5.85259612193	23.8554879601	-38.275383438	-32.5783648282	-31.736955576	-38.5704335277	-31.6822577837	-33.1245219042	-30.735955807	-27.0720542388	-13.0448099444	-40.8387737286	-34.1143503185
418479767_old.mp4	-13.1668023047	6.63341077443	-53.232071719	-43.9206399386	-43.1855854855	-54.1622294053	-44.5694789184	-48.3458664052	-45.8743156459	-41.7373144147	-16.489373126	-39.8857321154	-33.2147946838
495808893_old.mp4	0.486910418523	8.12047718864	-40.4373986976	-34.2896767665	-32.8981229005	-39.9701939585	-32.7931812586	-34.6995930878	-32.3874194735	-29.5023616505	-12.3491849555	-30.5875379031	-23.2683489832
397931490_old.mp4	2.52655189051	27.4344323143	-36.8351469096	-33.0056595046	-32.4524477959	-35.8539025917	-31.4227283584	-33.8744805922	-32.2694867582	-30.9543111107	-15.2998610234	-39.5638348734	-33.7197578208
381461751_old.mp4	-5.92236021384	3.62767679076	-56.665345193	-51.6640379834	-51.0284507893	-59.0271851798	-52.3086556857	-50.8927683973	-47.3975311409	-42.0736379669	-12.3105956333	-35.3944673395	-36.7785759258
399494504_old.mp4	-18.2021815179	4.52467516846	-47.3355454255	-37.9706143871	-37.3727276871	-47.3461649861	-36.4754651128	-43.4627488904	-41.4714718963	-37.0040466151	-11.0829237266	-35.1869228474	-24.4869868804
543249132_old.mp4	-6.10025352622	4.07958528932	-43.557385053	-38.7766111185	-37.8678506793	-41.5893800393	-36.557822279	-44.5027894048	-44.2595195553	-38.9325219569	-24.339771693	-44.5061326403	-37.0662480831
577003755_old.mp4	-15.737873489	-6.32582687145	-36.3520139564	-31.6002853067	-30.569258199	-33.3981368441	-27.7075173512	-31.7921784732	-31.1246045692	-27.8962944881	-14.5231439398	-37.2194733488	-24.9540100767
372101871_old.mp4	-4.12996348031	7.09028751891	-41.3438738814	-31.5988131358	-30.0498768378	-40.3688394282	-29.3929507176	-37.2271718802	-34.8649501394	-31.5122932611	-15.7510233317	-30.6072163605	-23.7816605335
415699866_old.mp4	-16.8170260996	-10.1531930859	-37.3351935401	-32.9338459651	-31.7480340691	-35.7380980581	-29.4156946985	-37.1088326499	-35.2927233686	-26.0808742308	-16.9043691206	-40.8075333435	-29.3915414559
481579944_old.mp4	13.4670399953	16.4625894936	-43.8086311819	-31.2214490953	-29.9766512943	-43.0374295049	-32.4197272715	-40.9297415602	-39.2856539708	-35.4751028621	-13.2438119934	-35.2514320767	-20.2769793511
VID_20160801_185005.mp4	-6.93535977255	10.0549754685	-42.6017436502	-36.1815484153	-35.5478873258	-42.3385928497	-35.2536239638	-38.000267578	-37.1672730401	-33.3149529059	-14.3319530951	-43.374833117	-36.5225503549
637506191_old.mp4	-8.77064432465	6.85783944185	-40.6957840324	-33.9561951142	-32.6151522297	-39.1798357698	-30.4148509078	-27.9675003295	-25.8079894833	-20.1191517798	-14.3863339591	-35.9935915518	-21.3206756459
372119114_old.mp4	-3.98240687356	10.7719069912	-41.5889574659	-37.1171675423	-36.3758288684	-41.4525977275	-36.9683090107	-37.7188508629	-36.9524919437	-33.0019305507	-16.6056000502	-38.2660680925	-35.2767560793
612148598_old.mp4	-12.9284634729	6.74468624264	-47.0310803649	-38.7256737225	-37.4596040126	-47.2230096418	-38.670424787	-43.7199360714	-41.0993711873	-37.3592631335	-15.9369195673	-41.0456187435	-35.9564654152
571903718_old.mp4	-10.578671248	2.96379772183	-39.694881189	-35.5269436245	-34.7765752344	-37.3011054616	-32.1360207865	-36.8982536889	-36.1021564527	-33.7456694021	-17.1047472357	-38.5915290448	-33.6332747693
553547388_old.mp4	-3.499109723	15.6369798819	-42.4357741483	-35.7868370048	-34.9909480342	-41.3395634038	-33.8113663085	-41.2635062825	-39.0681745214	-34.7388948949	-19.276907395	-40.0095377062	-36.8918714202
361970560_old.mp4	-7.8683879964	6.60748493004	-33.4793734661	-26.6163587147	-25.7297960327	-33.3415794048	-25.3819210854	-23.218886215	-21.9480012578	-19.0861685179	-16.2143001252	-33.7066069746	-19.8849443625
361873075_old.mp4	-9.18854613037	4.45964037999	-33.7600473364	-26.9974118996	-26.1483806235	-35.1878515068	-26.2948656834	-24.8868853387	-23.1923741433	-18.0476763636	-16.2165481212	-36.766046646	-25.3765276806
601088723_old.mp4	-6.90718657852	16.9968773302	-49.9234254503	-41.4716621379	-40.7684058016	-51.4625959285	-42.2746645185	-47.2504718792	-44.2696540004	-39.3633209207	-17.2837561418	-45.7217445742	-41.6007848268
435463507_old.mp4	-3.17326686838	22.0772517514	-45.1987664808	-38.6644031132	-37.1816434893	-46.1682514172	-39.5411143336	-40.1873193223	-38.6697746643	-34.8049362711	-11.7276780495	-39.8826587047	-34.5237906551
413375057_old.mp4	-4.84263177953	5.63805313808	-35.6468356517	-29.6371883621	-28.7414023209	-36.2779069126	-28.7399436605	-32.3606702984	-31.0432079797	-27.1889276758	-18.1452123416	-35.4808576844	-26.3949163625
469049450_old.mp4	-8.388341203	0.602141289506	-45.4779242296	-34.6387852165	-33.4379019522	-44.8215073123	-34.9523882371	-46.4877083763	-44.014584074	-40.6859555326	-14.1949136471	-41.1363194461	-33.6106117692
371469024_old.mp4	-2.25030403316	11.3234533535	-30.8266510894	-23.673413443	-22.5758863616	-30.1122647795	-21.7586722734	-30.4165396257	-28.6937715811	-24.7710982429	-14.4351082369	-30.1804908561	-24.7260837502
352775175_old.mp4	-5.44022378982	13.4970960452	-41.1155255421	-33.4435371747	-33.1513100852	-41.3515234541	-33.1720359516	-36.8585391518	-34.2504234562	-31.3036492421	-14.5273349342	-32.6262390024	-26.9923477703
372234240_old.mp4	-2.64013056848	15.0658093844	-34.9412179799	-27.1601003677	-25.8833015576	-34.2149907911	-25.4156018677	-31.3574516343	-29.1430452321	-25.9855464017	-17.4515833561	-29.5458773775	-24.2417595432
406998966_old.mp4	-17.3272986692	-9.76365730712	-68.6590419492	-65.7972378071	-65.3055308113	-69.0346868955	-65.9204488059	-64.2920147681	-62.3274096869	-58.5260069935	-20.5212042407	-53.7852775795	-52.3769503548
428012473_old.mp4	-5.48775902041	20.0526720945	-49.1056292786	-43.9444720484	-43.1064175108	-50.0335024376	-43.3250792142	-44.0025657831	-41.5201593014	-38.8142400386	-14.9395486982	-40.125746068	-35.8625271467
477645779_old.mp4	1.70559600762	7.2203525158	-45.7691232342	-35.8156667714	-34.0007242849	-45.4500362497	-34.7842370403	-42.2440718713	-39.9276926576	-35.4119755251	-10.6624106723	-35.4067743997	-22.9302969789
562620546_old.mp4	3.70584255552	11.8548884741	-39.4515419448	-32.8790951559	-31.9522738164	-37.2615231117	-29.9750868517	-35.2341901468	-34.0228870557	-29.1976821939	-13.7304189539	-34.7179470482	-28.94685047
428374205_old.mp4	-5.68922642084	10.2284807459	-46.6509138053	-37.0069656178	-36.3695659493	-50.1301189937	-41.3044947425	-37.2349569448	-34.9452846629	-30.3130800374	-17.2561280328	-42.039057216	-33.979461622
408697374_old.mp4	-6.23616245782	15.6168602197	-46.5349393546	-40.6861539341	-39.6695596464	-47.2687884613	-39.5422212558	-40.9129624063	-39.0082588943	-36.4691999219	-18.1256280354	-39.7812525496	-36.3644575372
406989268_old.mp4	-6.22581950821	5.76920308908	-66.9606716125	-62.6465937451	-61.9979887295	-67.9010496942	-64.0360904569	-68.2663532155	-64.7543404155	-60.8259288474	-12.7552144338	-62.4615255107	-63.4262512321
400744217_old.mp4	-5.84854828345	6.21259545348	-41.0441814556	-32.3552986422	-31.4766543578	-39.4440033104	-30.2122228995	-38.5646359166	-36.4138482198	-32.3542031421	-19.6213585793	-38.3993039584	-32.2403183282
373591775_old.mp4	-13.428489869	6.88172023271	-57.9346522387	-50.9933626662	-50.3455691975	-57.9130702298	-50.5304321367	-49.5515500405	-47.687395597	-43.105576264	-13.7802890411	-42.109738309	-37.8941894697
358718219_old.mp4	-7.38185709546	12.3511368406	-51.2182994756	-45.5559421549	-44.2056440826	-51.3099884662	-44.9077597167	-43.7848328048	-40.9711229309	-36.1603782364	-11.0297231821	-34.3824505529	-28.4154918593
584755726_old.mp4	-4.75848781272	7.47280678767	-38.2174705772	-31.5843929804	-30.3141140536	-38.7665448622	-30.4318512649	-37.0436468922	-35.2226771309	-30.1342818975	-16.3920946597	-39.0238793825	-31.539182123
602955327_old.mp4	-10.402970836	-1.96562625481	-33.4278338203	-29.1994589016	-28.4046801278	-30.2451310817	-24.672153488	-29.1427869859	-27.6851729448	-20.7400620266	-19.2784827938	-39.394243074	-23.0925758753
555422721_old.mp4	-10.8342522093	19.7007379032	-46.2115662456	-38.1934200713	-37.6479540526	-47.9108662366	-39.200397574	-38.2390061578	-37.2164106711	-32.7087723549	-20.0946783382	-41.6415252798	-34.1676619071
560597688_old.mp4	-1.65360155836	7.05887160484	-33.6389411604	-29.0397715898	-27.8510587994	-28.961934523	-22.7373890297	-27.7181521147	-25.4807908613	-20.1486402053	-12.9472447936	-35.1842300876	-28.7580874269
VID_20160802_113658.mp4	-3.70675365637	7.83745925022	-37.4531677587	-32.7351065966	-31.7222748236	-37.4032904326	-31.7302178213	-35.2751820027	-33.4371869671	-30.2872819932	-12.5283971248	-34.9683272673	-30.256988214
543146758_old.mp4	-3.67388729844	6.24620423677	-47.7916743988	-43.8938271762	-43.1420165633	-46.9263499133	-42.4090115353	-46.5252924152	-44.8781843482	-39.1080589206	-20.5111846241	-43.5881583575	-33.1550284589
504551105_old.mp4	-7.92940870522	5.60477841156	-35.8973950759	-30.1450272349	-28.728237732	-32.7746187192	-24.4167432696	-20.3130895342	-21.1629916779	-11.9435600025	-10.8420633036	-35.7574258528	-10.6234838279
477208712_old.mp4	-5.66341224025	13.067529324	-35.4927227583	-27.3323365303	-26.7343647903	-34.8664991897	-25.6783203082	-37.2980889668	-35.2741847997	-30.9512311083	-16.3767693232	-32.7244279945	-26.1984769783
500386904_old.mp4	-16.097299273	-11.2502094865	-46.1901830426	-40.7688149404	-39.4920321217	-45.4513798292	-39.2623641586	-39.2510938662	-37.2288543011	-34.1178929892	-17.0529668551	-41.3959981074	-29.2235011729
371801358_old.mp4	-7.84842897606	16.4220826018	-62.4479793413	-52.2144144654	-51.4198809451	-61.7378250166	-51.7766339296	-50.2117054975	-44.9488404984	-37.925107576	-20.1155678251	-55.7225153957	-51.608815745
433635364_old.mp4	-0.629655914631	3.07511657421	-40.2798872493	-31.6498768343	-31.1601826685	-37.3183828456	-28.9404577263	-32.0798458188	-27.0469556442	-22.0928267952	2.49767668215	-23.0145427728	-23.916674886
539496469_old.mp4	-12.9512376656	-3.30602219296	-42.6158811742	-38.1970002832	-37.2523584237	-43.6800679466	-38.705476817	-40.9281128324	-39.2778167189	-35.2216743944	-19.048430793	-39.8061896849	-34.7991301337
449730340_old.mp4	-10.7706971418	6.10925167049	-42.5374867853	-37.9668968986	-37.7044498122	-44.681473628	-38.6725226202	-42.8866609712	-41.5332385096	-37.6033800411	-20.0459093771	-41.7489071715	-38.4540230488
435198348_old.mp4	-18.4847890065	-0.944802380488	-52.5137097664	-44.3230077721	-43.632684434	-51.273167649	-41.5131485126	-46.9840989177	-43.1983896572	-39.3581171048	-9.12019711858	-35.423837886	-34.0927811639
420963759_old.mp4	-11.1143681815	5.70510258795	-41.5448704674	-31.7823298135	-30.8972934174	-43.5170439131	-33.0654234635	-35.083758213	-32.7179779246	-29.4306159103	-18.6739415481	-31.3335981796	-25.9115439115
406989817_old.mp4	7.77806514204	11.8993321618	-46.8833490438	-38.1131057148	-37.0063294109	-46.2540532628	-38.2801921017	-46.8079941635	-45.3655492827	-42.7395394471	-13.6490470328	-38.8083836747	-28.5815091091
356686522_old.mp4	-15.2335496304	-0.965848061934	-48.3577805381	-38.7035321307	-37.8711230778	-48.8763138129	-39.8533114896	-44.1715550946	-42.2053957435	-38.5325520952	-23.5739219971	-43.2037354127	-36.9051111401
573905099_old.mp4	-25.5101013148	-19.367821029	-42.0866267116	-35.6636980742	-34.5749618351	-39.0119730244	-29.93739977	-38.8707697366	-38.7264570436	-31.9541330998	-28.3825691143	-45.5925678688	-34.9974208994
633266001_old.mp4	2.79576489069	16.7100053503	-44.2398575756	-38.8769283807	-38.23751025	-46.3617380107	-40.5927068569	-39.9381615593	-36.1835160444	-28.3206286592	-16.0095503716	-41.7200500527	-41.2637252351
509085638_old.mp4	1.17741994921	10.4364433628	-32.0948654267	-24.5975616979	-24.1223821271	-32.2360917984	-23.9618648711	-36.3302651927	-32.9139803717	-25.5161511178	-14.5611540729	-40.8074198831	-28.8408009794
445404431_old.mp4	-7.26236610107	3.44094216877	-41.9413316464	-35.3356280917	-34.0808556291	-42.0652900938	-33.7226022457	-39.0959829736	-37.1009297503	-34.1930217	-17.1387983445	-36.8345840505	-32.8677143627
433789450_old.mp4	-1.13980883903	9.9760850411	-30.2521023124	-23.7975120096	-23.0237283439	-31.135964298	-22.8617435591	-29.8505096923	-29.4942504534	-24.3776806913	-14.5870639457	-34.2972410531	-18.1422286469
537087569_old.mp4	4.44194437061	11.069436045	-41.2874355503	-32.6591008586	-31.7191910615	-40.1744406258	-31.2558567608	-36.5450685022	-34.3524168411	-31.6370403019	-15.648611207	-34.2526931001	-26.082927901
525832383_old.mp4	-12.2861518387	12.2497170592	-48.0806246069	-42.1051730042	-40.6392254404	-48.9891596988	-41.6270327212	-43.8061453227	-41.5911878837	-37.2918131843	-9.32058279703	-41.4214914254	-35.9249214538
523630980_old.mp4	-0.0437011833003	10.3596166454	-37.4805971607	-32.0146027716	-30.8892784339	-36.5645147114	-30.4618968649	-38.1507541118	-35.4852786026	-31.0036500215	-15.7193463065	-36.1606469279	-32.4613329782
426706419_old.mp4	-7.17770399971	2.37331586322	-44.3170093757	-38.4534117614	-37.8386844756	-43.132174067	-36.7185567609	-44.5925577307	-42.7043878519	-36.82480231	-19.3528118669	-44.0013267964	-29.1103649471
500873560_old.mp4	-10.014015736	1.78376162148	-31.6051906323	-24.8586375579	-24.3173450052	-31.7537916734	-25.1242199462	-29.8418332532	-26.7782413067	-21.9141314359	-12.9863891577	-31.9790977422	-22.4000164359
379412990_old.mp4	-0.620454667624	14.4233032409	-47.7363628175	-41.697426377	-41.160346178	-48.0606065058	-41.633397371	-42.7076499304	-40.1377989214	-36.4071989525	-18.6972020136	-37.4348725606	-34.4320793231
409101162_old.mp4	-17.8886529766	-1.87543338769	-70.1431570913	-67.2230856958	-66.4798275314	-70.5195905578	-67.9001683593	-68.3483990472	-66.7350353074	-61.8693174112	-21.2121704563	-59.156079359	-60.994600603
406040951_old.mp4	-26.0456073454	-11.1656720885	-68.49952101	-59.5739200334	-58.9450857246	-68.8434204821	-60.1033194426	-64.8303704741	-62.1533976393	-57.857864633	-19.8226582002	-48.9295934937	-45.3036117611
522426555_old.mp4	0.895299641387	6.82679682826	-51.7176510272	-47.3081076278	-46.7730932992	-50.9730852847	-46.0477500221	-44.6772015835	-41.8621225241	-37.7128339108	-18.5967865369	-41.4505784402	-34.7143966029
595157344_old.mp4	-12.4203090521	-1.89078820589	-35.160847229	-27.9288411271	-26.7247912432	-35.026373266	-27.3837845395	-24.6249735964	-24.7787599634	-16.3834779175	-21.2114910711	-42.146362233	-22.2287950412
553593161_old.mp4	-3.30754271758	11.7253282738	-45.5812169261	-39.8233763528	-38.8637485281	-45.5135744953	-39.0964880507	-41.0626035279	-39.0940359397	-36.6659076445	-14.503997447	-40.0138629965	-36.0095305056
556293674_old.mp4	-12.206889335	15.0045997084	-55.6645174952	-50.237853151	-49.3519837227	-55.6287551951	-49.397160806	-50.7850227874	-49.3053545388	-46.27082282	-13.6363817791	-43.0641439487	-39.8778894452
626314255_old.mp4	-1.46869523079	13.5248653213	-33.7533044246	-26.5560849506	-25.5118848847	-33.4218509984	-24.8605294547	-33.1125336682	-30.513432273	-26.0935563028	-17.0144609707	-30.2700858968	-26.2114557912
391164050_old.mp4	-11.986000006	9.17182931786	-57.1958821399	-53.0936141461	-52.1259146741	-58.1132511432	-53.2801537225	-47.8281521745	-45.9550563418	-43.7365957096	-16.8061686431	-49.5266718573	-45.9772894696
526647936_old.mp4	-10.1901122763	4.96726652317	-41.1340926388	-35.6432605534	-34.7209445318	-41.6177775117	-35.168879179	-35.9368194765	-34.6723655289	-31.1617252391	-13.4209611058	-37.7873328474	-29.78029416
369990283_old.mp4	-6.11196224393	7.57317206282	-32.6995533198	-27.2294870479	-26.3678977316	-31.7980276009	-24.9162414366	-31.2432517559	-29.5504639317	-26.7299353303	-14.9012440238	-31.7483312496	-27.2599611853
445403295_old.mp4	-4.95567628529	4.20233220674	-41.5913898719	-34.0345084552	-32.6564593795	-41.8314113848	-33.3571946489	-39.704102095	-37.0554452938	-32.9078473598	-16.1762471917	-35.6090672095	-29.3270537078
518939762_old.mp4	1.91679913209	14.4311529289	-29.9671940842	-23.2754888996	-22.2871585605	-29.3892599323	-20.8401427286	-21.9348618813	-20.9901077562	-15.5765349981	-10.8182892353	-23.5213923585	-14.7656365923
578223459_old.mp4	-11.3533415767	7.72458502627	-53.5433624844	-48.2038937671	-47.4311990075	-52.3765000602	-46.8522819764	-48.9171324085	-47.3579350704	-41.9724031979	-19.1220190068	-43.5020770667	-34.4444068566
612017085_old.mp4	-7.80151528136	2.54040765912	-39.1281456393	-32.3214534121	-31.3260760566	-37.2288796871	-28.6120542092	-16.7560334598	-14.2244713005	-9.80852511518	-16.2711713139	-34.4944383372	-18.6559212436
406434809_old.mp4	-7.58166701224	21.6435718739	-70.0512561866	-65.1910117682	-64.9835345064	-71.9742614418	-67.2394020884	-65.8685194156	-63.4130624711	-57.9876801239	-13.2917368311	-60.3315569004	-61.9852692653
438276436_old.mp4	-11.9862434093	4.7646116436	-45.7251769769	-42.693361329	-41.777066139	-43.0111990878	-38.3155885673	-42.4601809104	-41.7152584186	-38.1946271346	-19.7676460362	-46.0406573999	-39.0497540632
VID_20160801_203115.mp4	-16.1950301458	-4.218841487	-48.1803951953	-43.4265093144	-42.224532726	-48.1756660295	-42.4171227936	-42.1498489541	-39.6067479838	-37.2206532708	-14.3460561144	-38.361638969	-35.5830367823
591144900_old.mp4	-16.2842032709	-7.39485317369	-58.018337862	-49.6707684226	-49.0241740572	-55.3861617898	-43.5770518229	-25.0248191307	-25.5547177553	-11.5973049337	-32.2254179264	-50.9783713877	-17.011825059
VID_20160805_145901.mp4	7.30460358808	11.0652056201	-39.7370380415	-35.6083037346	-34.5687573926	-36.3258328561	-30.7338729325	-28.4604643937	-26.0832684423	-21.7550196143	-8.82517861111	-41.2381723375	-37.0149634993
345081433_old.mp4	5.90730766823	18.2021972074	-21.473157896	-14.2098942235	-13.1527862798	-18.674964886	-10.630040646	-27.9115634502	-24.5494805114	-17.6735628308	-18.8809768766	-21.0155709925	-11.5859172198
413257163_old.mp4	-6.36419598274	4.56286835459	-36.3017942013	-31.2959300023	-29.5945223824	-32.850494078	-26.1697760164	-18.4928372613	-18.7126154384	-13.6778694356	-11.7262459553	-26.2529773775	-21.4441712305
631562279_old.mp4	-8.82742221403	-6.85158987705	-56.4754556472	-50.0721475737	-48.850129106	-55.3066966814	-48.2241508518	-48.3455178987	-45.9625280542	-41.9474457295	-25.8910132651	-40.2947801181	-33.2686072484
398105721_old.mp4	-9.66214511689	-0.0316539733109	-36.3165604589	-31.9772067476	-30.7910944112	-32.9279623848	-26.810540795	-29.4187714653	-28.3913916489	-25.442866157	-17.1675951344	-31.4760564317	-26.810998666
469629614_old.mp4	2.45448637757	13.9290699503	-46.4310506112	-37.453696006	-36.3899611105	-46.2578260254	-37.0487910947	-46.0798897016	-43.7123633427	-40.8981355099	-16.0062438961	-42.5802403237	-34.3765318979
408250654_old.mp4	-23.2678927651	-10.4830423521	-74.3309855808	-70.9436163002	-70.3546858061	-76.6197207359	-73.358850631	-71.0635720818	-68.7106016135	-60.191518952	-18.8807063426	-56.3072169286	-56.2218581015
433762996_old.mp4	-6.32861457573	13.0670867796	-42.4443377269	-36.1691971514	-35.0587111843	-40.8958032006	-33.1901037814	-36.7705925433	-34.8632619579	-31.9789036302	-12.3422357018	-38.2071681478	-30.1945708533
467267382_old.mp4	-10.1657347757	1.09149933291	-37.7918447866	-30.8363217111	-30.0426479466	-38.0917117276	-30.2059856781	-37.9376228473	-34.808273308	-29.8672945123	-18.1368829991	-31.9591102249	-26.8268025394
368386985_old.mp4	-7.76218178908	-0.929895097001	-38.518137559	-30.5353309648	-29.056075574	-33.8065976026	-27.2696003094	-27.8169846305	-25.8705854237	-22.76793986	-14.4020718012	-43.8383863173	-21.5476497227
455564196_old.mp4	-8.69648224575	2.86122754699	-41.5720877893	-31.8208410473	-30.0011371525	-41.5606156665	-30.4351523174	-37.6045766235	-35.6029941979	-30.4063196839	-14.8336641717	-31.3501605133	-22.8914182823
342982081_old.mp4	1.18806349799	13.5387551284	-28.8645939994	-22.2412933834	-21.1673528273	-28.8095299171	-21.1827230662	-25.6824213481	-24.3666959905	-19.0481925413	-14.5485703448	-33.885461097	-24.3062411386
497872433_old.mp4	-4.8676186463	20.5781971866	-46.2086248493	-40.5776186692	-39.8669955914	-44.4993937831	-38.0811903493	-37.9029447435	-37.0015502246	-32.6807309919	-9.39376534472	-40.5072061783	-36.0008067865
361131704_old.mp4	-8.07457069385	4.22456786454	-37.9938648077	-33.3109076543	-32.4649145292	-37.8275547786	-32.2260881935	-33.7896463211	-32.4817152767	-28.0207460855	-21.5592722938	-39.6446772447	-30.832295025
548387876_old.mp4	-13.615943545	15.4394180364	-47.9085803472	-43.4467608552	-42.7051112952	-47.3731438097	-41.9926794334	-37.8719114394	-37.1634853895	-33.8358010057	-15.6908404123	-40.2024531113	-31.6650943898
514577999_old.mp4	-7.71175445171	7.48954363376	-45.4900921198	-39.6729392299	-38.6454186793	-45.4389701258	-38.914616527	-40.2510323749	-37.7856385585	-34.4392136187	-15.0580999676	-37.874682535	-33.5176408579
513978311_old.mp4	-10.8483439609	-4.13507528657	-35.6934826737	-30.5571152454	-29.4560261414	-35.5029126583	-29.1280581542	-32.6121772466	-31.8744855914	-28.800753921	-17.5257763833	-39.5925281846	-29.5629618369
519917346_old.mp4	-1.95480830186	9.79560796619	-40.6928003639	-34.7333402009	-33.9097488709	-39.1785269311	-32.280742521	-36.6831672537	-34.7526951221	-30.290389807	-15.0657923208	-34.3162802175	-26.8067462804
642669724_old.mp4	-15.8801776192	8.59949380894	-51.282413795	-44.5268343772	-43.6959073823	-52.4182860956	-44.3979895693	-45.2891944738	-43.5625933869	-41.1668103694	-16.4778931328	-43.4733518489	-38.6210408399
601892784_old.mp4	-14.3103355086	-0.511349887508	-50.1541662837	-43.151999514	-42.0766013466	-51.0560078735	-43.2370517102	-43.3491929496	-41.1269053858	-37.9887355595	-15.2211578948	-40.1558907031	-32.2985357102
635147871_old.mp4	-5.87615751896	11.737013302	-41.9055830039	-30.9280874034	-30.0458872666	-42.2688397559	-30.7723504081	-35.3163984763	-30.9145761249	-27.9796470792	-16.8006225821	-37.7140285144	-31.3715981481
469048311_old.mp4	-7.33656422248	0.94447212985	-43.4663112449	-31.0883230742	-30.0054616648	-42.7082035363	-32.5301873912	-44.4246612452	-42.1246958557	-38.2661005651	-14.8091731735	-37.9821572037	-31.5238760244
476050778_old.mp4	4.29722052814	9.50647316685	-47.7617272387	-32.3698320134	-31.1088626491	-45.822981967	-29.8913100327	-49.5867706574	-46.9545841997	-43.6042792393	-11.6273432368	-43.1229356092	-30.9599036857
405689768_old.mp4	-17.6130260139	-5.20589664882	-48.1328366486	-39.0282876272	-38.6320662796	-46.5604191395	-36.9584671575	-36.9041457223	-33.688881906	-28.9067342735	-21.74370609	-37.6007836763	-29.5603364715
367901980_old.mp4	-14.8170999581	-12.3808087694	-55.6301625414	-46.255305017	-45.1872797432	-53.9968215133	-47.9760721974	-49.2644468791	-46.7899900556	-45.4869401003	-0.0167894436973	-26.6687581254	-27.5680790445
522385961_old.mp4	-9.96292922904	3.22285779738	-40.710361481	-35.3379061507	-34.5378478163	-40.0585625409	-33.682648053	-37.5911267058	-35.4960114017	-32.1309473103	-15.7646319884	-33.0592507534	-28.3480665718
576518755_old.mp4	-18.4013245203	-6.40560074603	-47.1730883141	-37.5444305964	-36.508258689	-45.8615432243	-34.834049172	-24.6013071739	-22.3362927881	-13.1640101032	-21.6502138991	-40.1294107042	-13.1394141527
441283027_old.mp4	-10.6416356692	1.60536234656	-51.248640919	-45.31535497	-44.2978656364	-50.1677486249	-43.0468960808	-43.424666042	-41.0904284824	-37.4982487663	-8.19157660778	-32.6634113327	-33.4737059421
409293865_old.mp4	1.15566623591	10.9617331037	-57.4790878274	-52.9468522593	-52.4345768357	-58.0846027535	-53.1653627486	-57.9144530959	-54.6751890899	-51.5663543428	-7.92914471373	-52.2807501997	-53.7076863788
420731267_old.mp4	-4.96085397896	9.67511224623	-50.4504619237	-44.9826347018	-43.579744742	-50.0786246736	-43.6864576514	-46.1327030938	-44.1773941533	-40.4256353112	-14.0948502441	-40.0211393894	-33.4166707985
396798207_old.mp4	-11.6438615757	-3.25948277855	-41.2373385289	-37.0104653326	-35.6708517387	-40.2071692791	-35.4346599583	-44.3072387243	-42.4644675546	-38.0142216615	-14.0281797155	-41.8774325867	-37.4619533477
527970974_old.mp4	-3.84736003791	13.7089526684	-36.0022536953	-28.4633385188	-27.8249132863	-36.5393573601	-28.4458110731	-35.8815274284	-34.238726485	-31.4786838029	-18.1964718468	-32.4897755067	-28.1568023091
409108940_old.mp4	5.01975276577	19.8510779026	-50.9955942544	-44.4520516721	-43.6606229763	-52.3773853638	-45.3799445332	-47.3400404078	-45.4337447797	-40.7493376682	-18.540547222	-40.9005616877	-35.5180515357
515342469_old.mp4	-5.93963407528	12.6004821003	-46.8566189582	-38.3509653191	-37.4179532266	-47.7973782156	-38.361195049	-43.8734580851	-41.5185155026	-36.270954028	-18.891346926	-42.6100027746	-35.0975631137
381887305_old.mp4	-11.5073255576	0.121719560833	-42.7022487743	-32.7371636146	-32.2442818382	-43.9880441031	-33.7114574453	-35.7257338582	-32.9734657113	-30.4392431629	-13.7376917812	-26.130848762	-18.8943722329
593914133_old.mp4	-24.7629057789	-18.5387585965	-35.4348334737	-32.4388991531	-31.0841406303	-30.5305734605	-24.6308863779	-37.4004921114	-37.1521377107	-31.8723305806	-23.6513574129	-45.5316782649	-37.3516898892
502651342_old.mp4	-15.1187926246	1.69595452984	-46.9848972113	-38.4796300315	-37.4873932631	-47.7118688899	-40.8287180224	-42.0907263793	-40.7729155097	-39.3150130457	-19.1883191492	-44.0258758823	-34.2981672158
VID_20160813_141954.mp4	-0.560390605308	10.409500992	-25.4826805302	-20.2486413182	-19.6158075818	-25.5689914815	-19.6338304135	-33.1442803309	-31.5056997965	-27.3623867954	-21.1903929315	-35.740827026	-28.5593602985
571528362_old.mp4	0.541308479696	11.6255136884	-34.7747402708	-26.8475866776	-25.8892012181	-34.5705067276	-25.1317658611	-30.0294828058	-28.4169372721	-25.118168864	-16.7894917629	-24.575969022	-19.6887147974
408245058_old.mp4	-10.63608086	2.07470447041	-69.1521338749	-65.8052387235	-65.1300278258	-71.9858570012	-68.2126575327	-66.6334138508	-64.2857511839	-58.9748716871	-18.0301893977	-54.8322886502	-55.5077878733
VID_20160725_091502.mp4	0.0172149145803	12.330099161	-33.2693922037	-27.8252428049	-27.1720595089	-32.0580419552	-25.2582570273	-20.8718122455	-20.5669291789	-16.0283328193	-12.1119107691	-36.907009429	-24.6203530079
371500354_old.mp4	-6.01470796397	9.90675989488	-35.61610244	-29.6240408184	-28.7264056865	-34.5206760777	-27.7753581685	-33.3551940886	-31.6198620588	-28.0631071364	-16.1126058734	-31.0199233257	-30.3138162202
627440624_old.mp4	-0.240864715604	-0.217222479448	-38.8762816016	-35.5668230884	-34.7201392298	-36.2658045333	-31.5844614339	-34.2606820714	-32.9159963947	-28.722088908	-12.9641512476	-36.622998365	-33.5279181208
611393344_old.mp4	-5.91927362783	2.77197505088	-38.1299065777	-32.7602636197	-31.8861368337	-37.0354327505	-30.629562344	-33.4122325053	-32.127681666	-28.8329379666	-15.5612530552	-35.000810326	-29.1034820959
510411939_old.mp4	-0.772920985656	10.5834329289	-44.0598231087	-38.4670890358	-37.5224293052	-44.0306110911	-37.8855544017	-40.0409224545	-37.6326926054	-35.3434707738	-11.1317733471	-35.7890967039	-29.4117411007
595904793_old.mp4	9.56236695577	45.8649212268	-49.9725873558	-44.3551743456	-43.4932586871	-51.1759831386	-44.1842763577	-46.8223825546	-44.2089674132	-42.1260629337	-19.037142026	-41.8724244854	-39.6197037463
543153179_old.mp4	-8.54897555212	21.2905430568	-45.6362683011	-42.4750216843	-41.7314855556	-43.9931264341	-39.6176666665	-48.5110834311	-47.1460527373	-41.7761603043	-20.386152157	-47.7510581566	-44.6844068777
400916331_old.mp4	-10.6490073564	5.34543514117	-44.7371561827	-38.8567373591	-37.7321332242	-44.8630229441	-38.0320430101	-43.4141961641	-41.0552320118	-37.9461705571	-17.1525430367	-39.2775884322	-35.6718325681
571891351_old.mp4	-2.41783155273	10.2571288826	-40.3747687218	-35.9864906109	-35.1742638731	-40.7356949303	-35.2845020886	-42.5302763146	-40.5692641406	-36.8082750877	-13.2120038173	-38.3600945372	-35.4064630711
