BDBR(PSNR)
371894311_old.mp4 7.50741337994 -59.271902587 -58.0208338173 -37.3538425363 -50.8106112887 -59.271902587 -58.0208338173
888473142_old.mp4 -5.66164450619 -40.8106405397 -40.2700536049 -34.4258849293 -40.0762769403 -40.8106405397 -40.2700536049
923374493_old.mp4 -2.33373692455 -43.7597210954 -44.2999418587 -31.1975969448 -40.8703258349 -43.7597210954 -44.2999418587
1147186011_old.mp4 1.57601428606 -38.423698669 -37.9319030104 -32.9556986383 -37.610621479 -38.423698669 -37.9319030104
1117927406_old.mp4 -1.75616634917 -41.4819936361 -40.6869652532 -30.4755934717 -36.0739468712 -41.4819936361 -40.6869652532
1161737720_old.mp4 -1.58015725105 -47.8882434711 -48.2558262819 -37.3928984184 -44.0880093304 -47.8882434711 -48.2558262819
952546853_old.mp4 4.96536014306 -50.7798654129 -50.3560884009 -40.9660744821 -43.8884067467 -50.7798654129 -50.3560884009
906992268_old.mp4 -18.9237854097 -27.956564052 -19.1155955853 -15.9900692486 -24.9708814493 -27.956564052 -19.1155955853
957309890_old.mp4 -17.5642110915 -60.379909254 -58.3303678086 -10.4347801887 -51.367322986 -60.379909254 -58.3303678086
1100460081_old.mp4 0.362775902753 -39.0590028432 -36.6629753352 -34.7544603125 -36.6197304566 -39.0590028432 -36.6629753352
751239771_old.mp4 -31.246942084 -65.4030279345 -63.1810120555 -38.4070316525 -66.062851876 -65.4030279345 -63.1810120555
894099012_old.mp4 2.53499037639 -29.9201607117 -30.2987697001 -27.9894845514 -26.3155173557 -29.9201607117 -30.2987697001
626659876_old.mp4 -7.85275486442 -52.9271394499 -51.3034188372 -33.9500454279 -40.3455950757 -52.9271394499 -51.3034188372
391164745_old.mp4 -1.79892416009 -58.0247329094 -58.4246521665 -48.4489260214 -50.0080881512 -58.0247329094 -58.4246521665
1163662590_old.mp4 3.02153300785 -74.99731587 -34.1801795415 -20.6527264338 -26.9332740582 -74.99731587 -34.1801795415
652478990_old.mp4 1.64100986653 -40.0934396557 -39.9208754022 -31.7468304397 -27.0181006558 -40.0934396557 -39.9208754022
811132625_old.mp4 -1.33855822826 -54.7447282517 -54.8689205047 -43.3629786561 -50.3345697761 -54.7447282517 -54.8689205047
1104467716_old.mp4 -8.84183498668 -34.0985597205 -32.6560336006 -13.2548998949 -20.1350717822 -34.0985597205 -32.6560336006
844210999_old.mp4 -5.50054975026 -26.641350144 -16.6379990178 -39.5291542766 -46.4010785956 -26.641350144 -16.6379990178
391269500_old.mp4 -3.07043671322 118.022693612 342.571635104 -42.1728797785 -50.4957403052 118.022693612 342.571635104
1057524681_old.mp4 -30.6933861859 -46.1211897662 -43.940502312 -14.0508889164 -28.5898431798 -46.1211897662 -43.940502312
1171533178_old.mp4 -9.83850165921 -51.6143665357 -51.282020321 -39.2231168907 -53.4545190319 -51.6143665357 -51.282020321
1014679136_old.mp4 -2.77103582788 -52.3248912209 -51.4592123068 -40.4020187267 -47.5593630092 -52.3248912209 -51.4592123068
658190186_old.mp4 -8.07397926012 -33.6131197616 -32.9638470401 -18.122848085 -33.6514828898 -33.6131197616 -32.9638470401
630217362_old.mp4 -15.174148018 -37.5394457237 -37.5071413604 -14.6474564532 -28.1518867818 -37.5394457237 -37.5071413604
664902379_old.mp4 -9.27844211106 -42.3724725954 -41.6444145957 -11.1382114829 -35.4283041237 -42.3724725954 -41.6444145957
1051267389_old.mp4 -14.2821857394 -38.9785094311 -35.6476466788 -30.4021110479 -39.6808287398 -38.9785094311 -35.6476466788
361970560_old.mp4 -6.54588099078 -36.2009764179 -35.5414873175 -14.6737253087 -31.9228894332 -36.2009764179 -35.5414873175
920273115_old.mp4 -9.64350995826 -47.2400318317 -48.2556328731 -33.8652156802 -39.9497204184 -47.2400318317 -48.2556328731
535539246_old.mp4 -1.51325155442 -45.275358746 -45.1361791694 -29.0240552916 -45.7128436039 -45.275358746 -45.1361791694
1018992431_old.mp4 -15.3365550427 -56.481095138 -57.5023593485 -34.0998703558 -50.6344755101 -56.481095138 -57.5023593485
573903512_old.mp4 -16.3175163542 -40.0787393909 -37.1671686307 -34.946775844 -42.2313898906 -40.0787393909 -37.1671686307
865389383_old.mp4 -2.25038195307 -34.4141161853 -32.4188618742 -15.1197374574 -29.0885916562 -34.4141161853 -32.4188618742
1029351615_old.mp4 1.88348373926 -45.6518179527 -42.8308624322 -41.4608028014 -43.732090083 -45.6518179527 -42.8308624322
399494504_old.mp4 -18.0922666923 -51.5842717782 -49.8958121153 -25.7067039258 -46.4976441697 -51.5842717782 -49.8958121153
1161618652_old.mp4 -27.7386942614 -51.4175125225 -47.1046890269 -22.2606727408 -43.5287976849 -51.4175125225 -47.1046890269
889439263_old.mp4 -7.05589602266 -48.8630226486 -46.675787698 -33.9308572079 -40.0570527654 -48.8630226486 -46.675787698
884731639_old.mp4 0.828302121253 -47.4715623739 -47.1187974164 -23.6013817689 -31.3312066352 -47.4715623739 -47.1187974164
504551105_old.mp4 -9.06945407705 -39.703310308 -34.8929909931 -10.7796832139 -23.1893667016 -39.703310308 -34.8929909931
560597688_old.mp4 2.9896782028 -34.7043417452 -29.6627750153 -27.4504648256 -25.6831787171 -34.7043417452 -29.6627750153
1027486156_old.mp4 -4.64273252912 -54.1705474103 -52.8507060953 -34.3687694076 -52.0089033233 -54.1705474103 -52.8507060953
708232346_old.mp4 -4.50402100271 -48.6544157171 -46.516689071 -17.0646170089 -40.6037554257 -48.6544157171 -46.516689071
590546720_old.mp4 -25.6740675216 -63.6267142491 -62.8377107083 -38.5875173121 -58.1215474085 -63.6267142491 -62.8377107083
650279042_old.mp4 -13.0830907689 -50.3456016034 -50.9732950826 -39.1053323395 -43.7290311454 -50.3456016034 -50.9732950826
1014584164_old.mp4 1.55444358803 -55.5202128258 -52.8843552162 -39.5443468833 -41.1609302034 -55.5202128258 -52.8843552162
VID_20160725_091502.mp4 -1.52530323507 -39.1156385672 -37.1529375434 -24.032417935 -19.2554542444 -39.1156385672 -37.1529375434
731194157_old.mp4 -8.76309347021 -44.510556854 -44.3872092567 1.22458059957 -34.9390923584 -44.510556854 -44.3872092567
686529697_old.mp4 -16.9969896452 -31.7538130441 -20.5435416563 -15.5970037542 -24.7866654911 -31.7538130441 -20.5435416563
555410317_old.mp4 2.73150964633 -49.2349148656 -48.9955921039 -43.8611500666 -45.6065197213 -49.2349148656 -48.9955921039
1125180655_old.mp4 7.87054274799 -30.5078847488 -28.0454539591 -29.740618518 -31.0791167966 -30.5078847488 -28.0454539591
BDBR(SSIM)
371894311_old.mp4 7.50741337994 -59.271902587 -58.0208338173 -37.3538425363 -50.8106112887 -59.271902587 -58.0208338173
888473142_old.mp4 -5.66164450619 -40.8106405397 -40.2700536049 -34.4258849293 -40.0762769403 -40.8106405397 -40.2700536049
923374493_old.mp4 -2.33373692455 -43.7597210954 -44.2999418587 -31.1975969448 -40.8703258349 -43.7597210954 -44.2999418587
1147186011_old.mp4 1.57601428606 -38.423698669 -37.9319030104 -32.9556986383 -37.610621479 -38.423698669 -37.9319030104
1117927406_old.mp4 -1.75616634917 -41.4819936361 -40.6869652532 -30.4755934717 -36.0739468712 -41.4819936361 -40.6869652532
1161737720_old.mp4 -1.58015725105 -47.8882434711 -48.2558262819 -37.3928984184 -44.0880093304 -47.8882434711 -48.2558262819
952546853_old.mp4 4.96536014306 -50.7798654129 -50.3560884009 -40.9660744821 -43.8884067467 -50.7798654129 -50.3560884009
906992268_old.mp4 -18.9237854097 -27.956564052 -19.1155955853 -15.9900692486 -24.9708814493 -27.956564052 -19.1155955853
957309890_old.mp4 -17.5642110915 -60.379909254 -58.3303678086 -10.4347801887 -51.367322986 -60.379909254 -58.3303678086
1100460081_old.mp4 0.362775902753 -39.0590028432 -36.6629753352 -34.7544603125 -36.6197304566 -39.0590028432 -36.6629753352
751239771_old.mp4 -31.246942084 -65.4030279345 -63.1810120555 -38.4070316525 -66.062851876 -65.4030279345 -63.1810120555
894099012_old.mp4 2.53499037639 -29.9201607117 -30.2987697001 -27.9894845514 -26.3155173557 -29.9201607117 -30.2987697001
626659876_old.mp4 -7.85275486442 -52.9271394499 -51.3034188372 -33.9500454279 -40.3455950757 -52.9271394499 -51.3034188372
391164745_old.mp4 -1.79892416009 -58.0247329094 -58.4246521665 -48.4489260214 -50.0080881512 -58.0247329094 -58.4246521665
1163662590_old.mp4 3.02153300785 -74.99731587 -34.1801795415 -20.6527264338 -26.9332740582 -74.99731587 -34.1801795415
652478990_old.mp4 1.64100986653 -40.0934396557 -39.9208754022 -31.7468304397 -27.0181006558 -40.0934396557 -39.9208754022
811132625_old.mp4 -1.33855822826 -54.7447282517 -54.8689205047 -43.3629786561 -50.3345697761 -54.7447282517 -54.8689205047
1104467716_old.mp4 -8.84183498668 -34.0985597205 -32.6560336006 -13.2548998949 -20.1350717822 -34.0985597205 -32.6560336006
844210999_old.mp4 -5.50054975026 -26.641350144 -16.6379990178 -39.5291542766 -46.4010785956 -26.641350144 -16.6379990178
391269500_old.mp4 -3.07043671322 118.022693612 342.571635104 -42.1728797785 -50.4957403052 118.022693612 342.571635104
1057524681_old.mp4 -30.6933861859 -46.1211897662 -43.940502312 -14.0508889164 -28.5898431798 -46.1211897662 -43.940502312
1171533178_old.mp4 -9.83850165921 -51.6143665357 -51.282020321 -39.2231168907 -53.4545190319 -51.6143665357 -51.282020321
1014679136_old.mp4 -2.77103582788 -52.3248912209 -51.4592123068 -40.4020187267 -47.5593630092 -52.3248912209 -51.4592123068
658190186_old.mp4 -8.07397926012 -33.6131197616 -32.9638470401 -18.122848085 -33.6514828898 -33.6131197616 -32.9638470401
630217362_old.mp4 -15.174148018 -37.5394457237 -37.5071413604 -14.6474564532 -28.1518867818 -37.5394457237 -37.5071413604
664902379_old.mp4 -9.27844211106 -42.3724725954 -41.6444145957 -11.1382114829 -35.4283041237 -42.3724725954 -41.6444145957
1051267389_old.mp4 -14.2821857394 -38.9785094311 -35.6476466788 -30.4021110479 -39.6808287398 -38.9785094311 -35.6476466788
361970560_old.mp4 -6.54588099078 -36.2009764179 -35.5414873175 -14.6737253087 -31.9228894332 -36.2009764179 -35.5414873175
920273115_old.mp4 -9.64350995826 -47.2400318317 -48.2556328731 -33.8652156802 -39.9497204184 -47.2400318317 -48.2556328731
535539246_old.mp4 -1.51325155442 -45.275358746 -45.1361791694 -29.0240552916 -45.7128436039 -45.275358746 -45.1361791694
1018992431_old.mp4 -15.3365550427 -56.481095138 -57.5023593485 -34.0998703558 -50.6344755101 -56.481095138 -57.5023593485
573903512_old.mp4 -16.3175163542 -40.0787393909 -37.1671686307 -34.946775844 -42.2313898906 -40.0787393909 -37.1671686307
865389383_old.mp4 -2.25038195307 -34.4141161853 -32.4188618742 -15.1197374574 -29.0885916562 -34.4141161853 -32.4188618742
1029351615_old.mp4 1.88348373926 -45.6518179527 -42.8308624322 -41.4608028014 -43.732090083 -45.6518179527 -42.8308624322
399494504_old.mp4 -18.0922666923 -51.5842717782 -49.8958121153 -25.7067039258 -46.4976441697 -51.5842717782 -49.8958121153
1161618652_old.mp4 -27.7386942614 -51.4175125225 -47.1046890269 -22.2606727408 -43.5287976849 -51.4175125225 -47.1046890269
889439263_old.mp4 -7.05589602266 -48.8630226486 -46.675787698 -33.9308572079 -40.0570527654 -48.8630226486 -46.675787698
884731639_old.mp4 0.828302121253 -47.4715623739 -47.1187974164 -23.6013817689 -31.3312066352 -47.4715623739 -47.1187974164
504551105_old.mp4 -9.06945407705 -39.703310308 -34.8929909931 -10.7796832139 -23.1893667016 -39.703310308 -34.8929909931
560597688_old.mp4 2.9896782028 -34.7043417452 -29.6627750153 -27.4504648256 -25.6831787171 -34.7043417452 -29.6627750153
1027486156_old.mp4 -4.64273252912 -54.1705474103 -52.8507060953 -34.3687694076 -52.0089033233 -54.1705474103 -52.8507060953
708232346_old.mp4 -4.50402100271 -48.6544157171 -46.516689071 -17.0646170089 -40.6037554257 -48.6544157171 -46.516689071
590546720_old.mp4 -25.6740675216 -63.6267142491 -62.8377107083 -38.5875173121 -58.1215474085 -63.6267142491 -62.8377107083
650279042_old.mp4 -13.0830907689 -50.3456016034 -50.9732950826 -39.1053323395 -43.7290311454 -50.3456016034 -50.9732950826
1014584164_old.mp4 1.55444358803 -55.5202128258 -52.8843552162 -39.5443468833 -41.1609302034 -55.5202128258 -52.8843552162
VID_20160725_091502.mp4 -1.52530323507 -39.1156385672 -37.1529375434 -24.032417935 -19.2554542444 -39.1156385672 -37.1529375434
731194157_old.mp4 -8.76309347021 -44.510556854 -44.3872092567 1.22458059957 -34.9390923584 -44.510556854 -44.3872092567
686529697_old.mp4 -16.9969896452 -31.7538130441 -20.5435416563 -15.5970037542 -24.7866654911 -31.7538130441 -20.5435416563
555410317_old.mp4 2.73150964633 -49.2349148656 -48.9955921039 -43.8611500666 -45.6065197213 -49.2349148656 -48.9955921039
1125180655_old.mp4 7.87054274799 -30.5078847488 -28.0454539591 -29.740618518 -31.0791167966 -30.5078847488 -28.0454539591
