371894311_old.mp4 7.50741337994 -59.271902587 -58.0208338173 -37.3538425363 -50.8106112887 -63.9391420877 -62.4964840404
888473142_old.mp4 -5.66164450619 -40.8106405397 -40.2700536049 -34.4258849293 -40.0762769403 -48.2931821061 -48.4016015014
923374493_old.mp4 -2.33373692455 -43.7597210954 -44.2999418587 -31.1975969448 -40.8703258349 -51.5718386856 -51.9025770102
1147186011_old.mp4 1.57601428606 -38.423698669 -37.9319030104 -32.9556986383 -37.610621479 -45.9696236454 -45.6157582609
1117927406_old.mp4 -1.75616634917 -41.4819936361 -40.6869652532 -30.4755934717 -36.0739468712 -48.4759964711 -47.2615453117
1161737720_old.mp4 -1.58015725105 -47.8882434711 -48.2558262819 -37.3928984184 -44.0880093304 -52.2867357769 -53.0356281005
952546853_old.mp4 4.96536014306 -50.7798654129 -50.3560884009 -40.9660744821 -43.8884067467 -57.085267517 -56.8044503098
906992268_old.mp4 -18.9237854097 -27.956564052 -19.1155955853 -15.9900692486 -24.9708814493 -37.7093152787 -27.2909630839
957309890_old.mp4 -17.5642110915 -60.379909254 -58.3303678086 -10.4347801887 -51.367322986 -67.7564769368 -65.9392943237
1100460081_old.mp4 0.362775902753 -39.0590028432 -36.6629753352 -34.7544603125 -36.6197304566 -45.7561969612 -44.1440804099
751239771_old.mp4 -31.246942084 -65.4030279345 -63.1810120555 -38.4070316525 -66.062851876 -71.6702947343 -69.8633212386
894099012_old.mp4 2.53499037639 -29.9201607117 -30.2987697001 -27.9894845514 -26.3155173557 -35.7036998846 -35.8368424626
626659876_old.mp4 -7.85275486442 -52.9271394499 -51.3034188372 -33.9500454279 -40.3455950757 -59.5762467343 -57.623326821
391164745_old.mp4 -1.79892416009 -58.0247329094 -58.4246521665 -48.4489260214 -50.0080881512 -62.6397857017 -62.9767142265
1163662590_old.mp4 3.02153300785 -74.99731587 -34.1801795415 -20.6527264338 -26.9332740582 -41.8586879831 -42.5981338576
652478990_old.mp4 1.64100986653 -40.0934396557 -39.9208754022 -31.7468304397 -27.0181006558 -48.8214146649 -48.0659566513
811132625_old.mp4 -1.33855822826 -54.7447282517 -54.8689205047 -43.3629786561 -50.3345697761 -58.8759377207 -59.1139350394
1104467716_old.mp4 -8.84183498668 -34.0985597205 -32.6560336006 -13.2548998949 -20.1350717822 -43.5504274474 -42.1599845709
844210999_old.mp4 -5.50054975026 -26.641350144 -16.6379990178 -39.5291542766 -46.4010785956 -54.6707405244 -54.4479276346
391269500_old.mp4 -3.07043671322 118.022693612 342.571635104 -42.1728797785 -50.4957403052 -60.8128305267 -61.0151904793
1057524681_old.mp4 -30.6933861859 -46.1211897662 -43.940502312 -14.0508889164 -28.5898431798 -54.8134965454 -54.2153711927
1171533178_old.mp4 -9.83850165921 -51.6143665357 -51.282020321 -39.2231168907 -53.4545190319 -59.3633252758 -58.5179367623
1014679136_old.mp4 -2.77103582788 -52.3248912209 -51.4592123068 -40.4020187267 -47.5593630092 -58.3672017137 -57.7727871272
658190186_old.mp4 -8.07397926012 -33.6131197616 -32.9638470401 -18.122848085 -33.6514828898 -39.0296300249 -38.5858651097
630217362_old.mp4 -15.174148018 -37.5394457237 -37.5071413604 -14.6474564532 -28.1518867818 -45.083694185 -45.4880497684
664902379_old.mp4 -9.27844211106 -42.3724725954 -41.6444145957 -11.1382114829 -35.4283041237 -50.6760069004 -51.5942133261
1051267389_old.mp4 -14.2821857394 -38.9785094311 -35.6476466788 -30.4021110479 -39.6808287398 -43.5284792155 -40.8654214821
361970560_old.mp4 -6.54588099078 -36.2009764179 -35.5414873175 -14.6737253087 -31.9228894332 -44.0106320906 -43.7106848018
920273115_old.mp4 -9.64350995826 -47.2400318317 -48.2556328731 -33.8652156802 -39.9497204184 -54.8387975808 -55.5513387732
535539246_old.mp4 -1.51325155442 -45.275358746 -45.1361791694 -29.0240552916 -45.7128436039 -53.179273416 -53.7512478589
1018992431_old.mp4 -15.3365550427 -56.481095138 -57.5023593485 -34.0998703558 -50.6344755101 -61.4152638195 -62.5829912159
573903512_old.mp4 -16.3175163542 -40.0787393909 -37.1671686307 -34.946775844 -42.2313898906 -45.4503487035 -44.3384123021
865389383_old.mp4 -2.25038195307 -34.4141161853 -32.4188618742 -15.1197374574 -29.0885916562 -42.600443973 -42.2174652887
1029351615_old.mp4 1.88348373926 -45.6518179527 -42.8308624322 -41.4608028014 -43.732090083 -49.9225129779 -47.2620891695
399494504_old.mp4 -18.0922666923 -51.5842717782 -49.8958121153 -25.7067039258 -46.4976441697 -59.3680767821 -58.8852943199
1161618652_old.mp4 -27.7386942614 -51.4175125225 -47.1046890269 -22.2606727408 -43.5287976849 -58.3094798536 -55.6760746845
889439263_old.mp4 -7.05589602266 -48.8630226486 -46.675787698 -33.9308572079 -40.0570527654 -54.3519905299 -52.1723162898
884731639_old.mp4 0.828302121253 -47.4715623739 -47.1187974164 -23.6013817689 -31.3312066352 -52.9086279517 -52.2205336341
504551105_old.mp4 -9.06945407705 -39.703310308 -34.8929909931 -10.7796832139 -23.1893667016 -46.7085342258 -43.3813783573
560597688_old.mp4 2.9896782028 -34.7043417452 -29.6627750153 -27.4504648256 -25.6831787171 -39.8265354661 -35.4654719712
1027486156_old.mp4 -4.64273252912 -54.1705474103 -52.8507060953 -34.3687694076 -52.0089033233 -60.1352969015 -59.2186370143
708232346_old.mp4 -4.50402100271 -48.6544157171 -46.516689071 -17.0646170089 -40.6037554257 -57.3806683136 -54.3700669239
590546720_old.mp4 -25.6740675216 -63.6267142491 -62.8377107083 -38.5875173121 -58.1215474085 -68.6932413961 -67.6043886491
650279042_old.mp4 -13.0830907689 -50.3456016034 -50.9732950826 -39.1053323395 -43.7290311454 -59.2984129569 -59.9725493079
1014584164_old.mp4 1.55444358803 -55.5202128258 -52.8843552162 -39.5443468833 -41.1609302034 -60.7737035478 -59.995822108
VID_20160725_091502.mp4 -1.52530323507 -39.1156385672 -37.1529375434 -24.032417935 -19.2554542444 -44.8825077777 -44.3868555259
731194157_old.mp4 -8.76309347021 -44.510556854 -44.3872092567 1.22458059957 -34.9390923584 -51.8001888406 -51.7297538526
686529697_old.mp4 -16.9969896452 -31.7538130441 -20.5435416563 -15.5970037542 -24.7866654911 -41.4204467497 -37.1748557851
555410317_old.mp4 2.73150964633 -49.2349148656 -48.9955921039 -43.8611500666 -45.6065197213 -54.2474470491 -54.190365451
1125180655_old.mp4 7.87054274799 -30.5078847488 -28.0454539591 -29.740618518 -31.0791167966 -35.7473138672 -33.7245976725
